"/scratch/leuven/327/vsc32711/GA_ANALYSIS/vfts352a_uvALL91/vfts352a_uvALL91.norm" vfts352a_uvALL91 0

19
HEI4026 7000
4022.81 4035.87
260.0
4022.81 0 4035.87 0
1.0
HDELTA 7000
4088.33 4117.46
260.0
4088.33 -0.001 4117.46 -0.001
1.0
HEII4200 7000
4194.87 4211.98
260.0
4194.87 -0.002 4211.98 -0.001
1.0
HGAMMA 7000
4325.36 4360.0
260.0
4325.36 0.0 4360.0 0
1.0
HEI4387 7000
4384.8 4399.01
260.0
4384.8 0 4399.01 0
1.0
HEI4471 7000
4469.55 4481.1
260.0
4469.55 0 4481.1 0
1.0
HEII4541 7000
4536.95 4553.89
260.0
4536.95 0 4553.89 0
1.0
NIV4058 7000
4055.52 4067.53
260.0
4055.52 0 4067.53 0
1.0
CIII4069 7000
4066.5 4078.5
260.0
4066.52 0 4078.5 0
1.0
SIIV1393 20000
1393. 1397.
260.0
1392.3 0 1405.93 0
1.0
SIIV1402 20000
1402. 1405.93
260.0
1392.3 0 1405.93 0
1.0
OIV1340 20000
1337.44 1347
260.0
1337.44 0 1347 0
1.0
CIII1176 20000
1174.26 1178.35
260.0
1174.26 0 1178.35 0
1.0
CIII1620 20000
1619.5 1623.5
260.0
1619.5 0 1623.5 0
1.0
CIV1169 20000
1167.72 1171.89
260.0
1167.72 0 1171.89 0
1.0
CIV1548 20000
1536.37 1565.58
260.0
1536.37 -0.008 1565.58 -0.024
1.0
NIV1718 20000
1715.38 1722.99
260.0
1715.38 0 1722.99 0
1.0
NIII1750 20000
1747 1757
260.0
1744.51 -0.027 1758.53 -0.039
1.0
OV1371 20000
1369 1373.5
260.0
1368.1 -0.023 1376.03 -0.015
1.0

39000.0 47000.0 50.0
3.5 4.5 0.01
-8.0 -6.0 0.05
500 4000. 100
0.5 4.0 0.05
0.05 0.3 0.005
-1.0 -1.0 -1.0
200.0 400.0 2.0
-1.0 -1.0 -1.0
6.  9. 0.05
6.  9. 0.05
6.  9. 0.05
6.  9. 0.05
-1. -1. 0.0

0.5 -1.0 -1.0 -1.0 1
7.22 -10

238
300
