 N      R            V           DV/DR          RHO            P '          XNH         TEMP        TAUROSS      COL.DENS.     CLF
  1    121.4       0.9933       0.5531E-04   0.1034E-18   0.3564E-06   0.3722E+05   0.2223E+05    0.000        0.000        1.000    
  2    119.0       0.9932       0.5759E-04   0.1077E-18   0.3712E-06   0.3876E+05   0.2224E+05   0.4175E-07   0.1308E-06    1.000    
  3    71.16       0.9885       0.1612E-03   0.3026E-18   0.1043E-05   0.1089E+06   0.2226E+05   0.1641E-05   0.5140E-05    1.000    
  4    46.03       0.9823       0.3860E-03   0.7279E-18   0.2509E-05   0.2619E+06   0.2230E+05   0.3752E-05   0.1175E-04    1.000    
  5    20.89       0.9608       0.1884E-02   0.3611E-17   0.1244E-04   0.1300E+07   0.2240E+05   0.1265E-04   0.3958E-04    1.000    
  6    15.62       0.9475       0.3385E-02   0.6557E-17   0.2260E-04   0.2360E+07   0.2248E+05   0.1704E-04   0.5328E-04    1.000    
  7    10.28       0.9200       0.7861E-02   0.1557E-16   0.5365E-04   0.5603E+07   0.2263E+05   0.2668E-04   0.8338E-04    1.000    
  8    6.167       0.8656       0.2219E-01   0.4601E-16   0.1586E-03   0.1656E+08   0.2288E+05   0.4743E-04   0.1481E-03    1.000    
  9    4.890       0.8297       0.3568E-01   0.7635E-16   0.2631E-03   0.2748E+08   0.2308E+05   0.6023E-04   0.1879E-03    1.000    
 10    3.613       0.7674       0.6664E-01   0.1512E-15   0.5210E-03   0.5441E+08   0.2351E+05   0.8407E-04   0.2621E-03    1.000    
 11    2.901       0.7077       0.1055       0.2544E-15   0.8767E-03   0.9156E+08   0.2407E+05   0.1078E-03   0.3358E-03    1.000    
 12    2.544       0.6645       0.1393       0.3522E-15   0.1213E-02   0.1267E+09   0.2459E+05   0.1256E-03   0.3910E-03    1.000    
 13    2.188       0.6061       0.1927       0.5220E-15   0.1799E-02   0.1879E+09   0.2543E+05   0.1513E-03   0.4705E-03    1.000    
 14    1.999       0.5659       0.2350       0.6700E-15   0.2309E-02   0.2411E+09   0.2611E+05   0.1699E-03   0.5280E-03    1.000    
 15    1.810       0.5162       0.2933       0.8961E-15   0.3087E-02   0.3225E+09   0.2704E+05   0.1944E-03   0.6036E-03    1.000    
 16    1.620       0.4532       0.3779       0.1273E-14   0.4386E-02   0.4580E+09   0.2835E+05   0.2284E-03   0.7083E-03    1.000    
 17    1.526       0.4149       0.4358       0.1568E-14   0.5404E-02   0.5644E+09   0.2920E+05   0.2507E-03   0.7769E-03    1.000    
 18    1.431       0.3703       0.5096       0.1997E-14   0.6881E-02   0.7187E+09   0.3024E+05   0.2787E-03   0.8630E-03    1.000    
 19    1.341       0.3201       0.6024       0.2634E-14   0.9074E-02   0.9477E+09   0.3147E+05   0.3135E-03   0.9702E-03    1.000    
 20    1.250       0.2600       0.7299       0.3730E-14   0.1285E-01   0.1342E+10   0.3304E+05   0.3615E-03   0.1117E-02    1.000    
 21    1.205       0.2251       0.8148       0.4639E-14   0.1598E-01   0.1669E+10   0.3394E+05   0.3930E-03   0.1214E-02    1.000    
 22    1.159       0.1858       0.9230       0.6068E-14   0.2090E-01   0.2184E+10   0.3494E+05   0.4333E-03   0.1338E-02    1.000    
 23    1.114       0.1408        1.071       0.8673E-14   0.2988E-01   0.3121E+10   0.3601E+05   0.4889E-03   0.1509E-02    1.000    
 24    1.069       0.8731E-01    1.312       0.1520E-13   0.5438E-01   0.5469E+10   0.3712E+05   0.5791E-03   0.1785E-02    1.000    
 25    1.039       0.4373E-01    1.651       0.3212E-13   0.1192       0.1156E+11   0.3780E+05   0.6977E-03   0.2146E-02    1.000    
 26    1.031       0.3075E-01    1.829       0.4633E-13   0.1740       0.1667E+11   0.3770E+05   0.7469E-03   0.2296E-02    1.000    
 27    1.027       0.2367E-01    1.967       0.6065E-13   0.2294       0.2183E+11   0.3747E+05   0.7806E-03   0.2398E-02    1.000    
 28    1.024       0.1593E-01    2.187       0.9077E-13   0.3463       0.3266E+11   0.3685E+05   0.8285E-03   0.2543E-02    1.000    
 29    1.022       0.1167E-01    2.373       0.1243E-12   0.4769       0.4473E+11   0.3587E+05   0.8627E-03   0.2646E-02    1.000    
 30    1.020       0.6956E-02    2.711       0.2094E-12   0.8096       0.7535E+11   0.3366E+05   0.9161E-03   0.2805E-02    1.000    
 31    1.019       0.4272E-02    3.068       0.3415E-12    1.328       0.1229E+12   0.3172E+05   0.9606E-03   0.2937E-02    1.000    
 32    1.019       0.3188E-02    3.303       0.4580E-12    1.786       0.1648E+12   0.3080E+05   0.9843E-03   0.3006E-02    1.000    
 33    1.018       0.1999E-02    3.714       0.7310E-12    2.861       0.2630E+12   0.2965E+05   0.1020E-02   0.3110E-02    1.000    
 34    1.018       0.9994E-03    2.157       0.1463E-11    5.749       0.5263E+12   0.2919E+05   0.1069E-02   0.3250E-02    1.000    
 35    1.018       0.5060E-03   0.7713       0.2892E-11    11.52       0.1041E+13   0.3095E+05   0.1244E-02   0.3741E-02    1.000    
 36    1.017       0.3247E-03   0.4857       0.4509E-11    18.17       0.1623E+13   0.3216E+05   0.1447E-02   0.4296E-02    1.000    
 37    1.017       0.1737E-03   0.2546       0.8435E-11    34.63       0.3035E+13   0.3369E+05   0.1973E-02   0.5691E-02    1.000    
 38    1.017       0.1083E-03   0.1552       0.1354E-10    56.36       0.4872E+13   0.3456E+05   0.2688E-02   0.7518E-02    1.000    
 39    1.016       0.6059E-04   0.8436E-01   0.2422E-10    102.5       0.8715E+13   0.3531E+05   0.4319E-02   0.1147E-01    1.000    
 40    1.016       0.3672E-04   0.4907E-01   0.3999E-10    171.8       0.1439E+14   0.3588E+05   0.6967E-02   0.1746E-01    1.000    
 41    1.015       0.2334E-04   0.2944E-01   0.6295E-10    275.0       0.2265E+14   0.3683E+05   0.1130E-01   0.2659E-01    1.000    
 42    1.015       0.1536E-04   0.1746E-01   0.9572E-10    427.2       0.3445E+14   0.3713E+05   0.1850E-01   0.4049E-01    1.000    
 43    1.014       0.7214E-05   0.6849E-02   0.2041E-09    972.3       0.7345E+14   0.3814E+05   0.5246E-01   0.9529E-01    1.000    
 44    1.014       0.3632E-05   0.2725E-02   0.4061E-09    2093.       0.1461E+15   0.4054E+05   0.1477       0.2220        1.000    
 45    1.013       0.1911E-05   0.1118E-02   0.7732E-09    4308.       0.2782E+15   0.4466E+05   0.4058       0.5159        1.000    
 46    1.012       0.1311E-05   0.6092E-03   0.1129E-08    6698.       0.4063E+15   0.4788E+05   0.7450       0.8727        1.000    
 47    1.010       0.6844E-06   0.2651E-03   0.2169E-08   0.1496E+05   0.7805E+15   0.5596E+05    2.003        2.186        1.000    
 48    1.008       0.3383E-06   0.1141E-03   0.4405E-08   0.3640E+05   0.1585E+16   0.6720E+05    4.936        5.484        1.000    
 49    1.006       0.1608E-06   0.4761E-04   0.9309E-08   0.9358E+05   0.3350E+16   0.8171E+05    11.64        13.72        1.000    
 50    1.003       0.7536E-07   0.1942E-04   0.1998E-07   0.2479E+06   0.7188E+16   0.1008E+06    27.87        34.24        1.000    
 51    1.000       0.3525E-07   0.8430E-05   0.4298E-07   0.6686E+06   0.1547E+17   0.1265E+06    69.46        85.28        1.000    
