PHT       1 14 26 53.37  +33 47 38.6
PHT       1 14 26 21.54  +33 28 46.5
PHT       2 14 25 49.94  +33 09 53.8
PHT       2 14 25 18.58  +32 51 00.7
PHT       3 14 29 54.51  +33 34 14.2
PHT       3 14 29 22.11  +33 15 24.9
PHT       4 14 28 49.95  +32 56 35.0
PHT       4 14 28 18.01  +32 37 44.6
PHT       5 14 32 54.70  +33 20 33.4
PHT       5 14 32 21.75  +33 01 47.0
PHT       6 14 31 49.04  +32 43 00.1
PHT       6 14 31 16.55  +32 24 12.7
CAM       1 14 26 37.42  +33 38 12.6
CAM       2 14 25 34.23  +33 00 27.3
CAM       3 14 29 38.28  +33 24 49.6
CAM       4 14 28 33.95  +32 47 09.9
CAM       5 14 32 38.20  +33 11 10.3
CAM       6 14 31 32.77  +32 33 36.5
