"/home/hugues/GA_ANALYSIS/HD165246/HD165246.norm" HD165246 0

24
HEI4026 85000
4020.29 4030.89
0.0
4020.29 -0.005 4030.89 -0.007
1.0
CIII4069 85000
4065.8 4074.07
0.0
4065.8 0.004 4074.07 -0.011
1.0
HDELTA 85000
4085.38 4111.72
0.0
4085.38 -0.019 4111.72 -0.025
1.0
HEI4121 85000
4113.06 4124.89
0.0
4113.06 -0.03 4124.89 -0.005
1.0
HEI4144 85000
4139.1 4149.1
0.0
4139.1 -0.001 4149.1 -0.005
1.0
CIII4187 85000
4182.96 4191.03
0.0
4182.96 -0.004 4191.03 -0.009
1.0
HEII4200 85000
4193.88 4207.1
0.0
4193.88 -0.009 4207.1 -0.004
1.0
HGAMMA 85000
4327.27 4349.92
0.0
4327.27 -0.014 4349.92 -0.005
1.0
NIII4379 85000
4375.22 4382.48
0.0
4375.22 -0.003 4382.48 -0.008
1.0
HEI4387 85000
4384.19 4393.06
0.0
4384.19 -0.008 4393.06 -0.011
1.0
HEI4471 85000
4466.33 4475.92
0.0
4466.33 -0.002 4475.92 -0.001
1.0
NIIIqua 85000
4507.64 4519.79
0.0
4507.64 0.002 4519.79 -0.001
1.0
HEII4541 85000
4537.39 4546.12
0.0
4537.39 -0.002 4546.12 -0.003
1.0
CIII4650 85000
4643.92 4661.11
0.0
4643.92 -0.002 4661.11 -0.004
1.0
HEII4686 85000
4681.74 4690.53
0.0
4681.74 -0.008 4690.53 -0.001
1.0
HEI4713 85000
4709.55 4717.61
0.0
4709.55 -0.003 4717.61 -0.003
1.0
HBETA 85000
4853.46 4869.91
0.0
4853.46 -0.007 4869.91 -0.029
1.0
HEI4922 85000
4917.26 4927.26
0.0
4917.26 -0.012 4927.26 -0.006
1.0
HEI5016 85000
5011.53 5020.9
0.0
5011.53 -0.006 5020.9 -0.009
1.0
OIII5592 85000
5587.48 5598.61
0.0
5587.48 -0.002 5598.61 -0.006
1.0
CIV5801 85000
5792.39 5818.52
0.0
5792.39 -0.025 5818.52 -0.01
1.0
HEI5875 85000
5870.39 5881.42
0.0
5870.39 -0.003 5881.42 -0.011
1.0
HALPHA 85000
6550.45 6577.36
0.0
6550.45 -0.018 6577.36 -0.014
1.0
HEI6678 85000
6672.02 6690.96
0.0
6672.02 -0.003 6690.96 -0.002
1.0

30000.0 40000.0 50.0
3.0 4.5 0.01
-8.5 -7.5 0.05
-1.0 -1.0 0.0
0.5 2.0 0.05
0.05 0.4 0.005
0.0 100.0 1.0
150.0 350.0 2.0
-1.0 -1.0 -1.0
6.0 9.0 0.05
6.0 9.0 0.05
6.0 9.0 0.05
-1.0 -1.0 0.0
6.0 9.0 0.05

0.5 -1.0 -1.0 -1.0 -1.0 -1.0 1
-8.716 1

238
300
