      30      7.00000      25.0000
      7.30000      7.90000      8.50000      9.10000      9.70000      10.3000
      10.9000      11.5000      12.1000      12.7000      13.3000      13.9000
      14.5000      15.1000      15.7000      16.3000      16.9000      17.5000
      18.1000      18.7000      19.3000      19.9000      20.5000      21.1000
      21.7000      22.3000      22.9000      23.5000      24.1000      24.7000
      6.00000      19.0000      19.0000      43.0000      42.0000      89.0000
      106.000      162.000      208.000      354.000      505.000      673.000
      986.000      1393.00      1977.00      2633.00      3365.00      4510.00
      5880.00      8267.00      12858.0      15159.0      0.00000      0.00000
      0.00000      0.00000      0.00000      0.00000      0.00000      0.00000
