      30      7.00000      25.0000
      7.30000      7.90000      8.50000      9.10000      9.70000      10.3000
      10.9000      11.5000      12.1000      12.7000      13.3000      13.9000
      14.5000      15.1000      15.7000      16.3000      16.9000      17.5000
      18.1000      18.7000      19.3000      19.9000      20.5000      21.1000
      21.7000      22.3000      22.9000      23.5000      24.1000      24.7000
      0.00000      3.00000      30.0000      48.0000      41.0000      64.0000
      65.0000      134.000      140.000      175.000      283.000      396.000
      501.000      726.000      959.000      1345.00      1730.00      2229.00
      2666.00      3042.00      3553.00      4202.00      5971.00      9847.00
      39324.0      0.00000      0.00000      0.00000      0.00000      0.00000
