      30      7.00000      25.0000
      7.30000      7.90000      8.50000      9.10000      9.70000      10.3000
      10.9000      11.5000      12.1000      12.7000      13.3000      13.9000
      14.5000      15.1000      15.7000      16.3000      16.9000      17.5000
      18.1000      18.7000      19.3000      19.9000      20.5000      21.1000
      21.7000      22.3000      22.9000      23.5000      24.1000      24.7000
      41.0000      39.0000      45.0000      61.0000      95.0000      150.000
      190.000      251.000      377.000      486.000      674.000      1039.00
      1357.00      1955.00      2603.00      3789.00      5358.00      7498.00
      10508.0      15419.0      28700.0      75446.0      0.00000      0.00000
      0.00000      0.00000      0.00000      0.00000      0.00000      0.00000
