      30      12.0000      28.0000
      12.2667      12.8000      13.3333      13.8667      14.4000      14.9333
      15.4667      16.0000      16.5333      17.0667      17.6000      18.1333
      18.6667      19.2000      19.7333      20.2667      20.8000      21.3333
      21.8667      22.4000      22.9333      23.4667      24.0000      24.5333
      25.0667      25.6000      26.1333      26.6667      27.2000      27.7333
      1.00000      1.00000      7.00000      11.0000      22.0000      43.0000
      69.0000      109.000      212.000      359.000      581.000      1048.00
      1693.00      2327.00      3467.00      4658.00      5754.00      7197.00
      9539.00      9895.00      0.00000      0.00000      0.00000      0.00000
      0.00000      0.00000      0.00000      0.00000      0.00000      11.0000
