      30      7.00000      25.0000
      7.30000      7.90000      8.50000      9.10000      9.70000      10.3000
      10.9000      11.5000      12.1000      12.7000      13.3000      13.9000
      14.5000      15.1000      15.7000      16.3000      16.9000      17.5000
      18.1000      18.7000      19.3000      19.9000      20.5000      21.1000
      21.7000      22.3000      22.9000      23.5000      24.1000      24.7000
      0.00000      0.00000      0.00000      0.00000      7.00000      37.0000
      36.0000      57.0000      102.000      138.000      203.000      309.000
      423.000      593.000      936.000      1186.00      1566.00      2108.00
      2331.00      2411.00      2946.00      4720.00      6886.00      11049.0
      21834.0      0.00000      0.00000      0.00000      0.00000      0.00000
