 Faint counts log N(>S) for scenario A of Guiderdoni et al. 1997


 Wavelength (in microns) =   15.
 log S (in Jy)   log N(>S) (in galaxies/sr)
    -7.9             9.763
    -7.8             9.721
    -7.7             9.678
    -7.6             9.636
    -7.5             9.593
    -7.4             9.550
    -7.3             9.507
    -7.2             9.463
    -7.1             9.418
    -7.0             9.372
    -6.9             9.325
    -6.8             9.278
    -6.7             9.230
    -6.6             9.181
    -6.5             9.131
    -6.4             9.080
    -6.3             9.028
    -6.2             8.974
    -6.1             8.918
    -6.0             8.860
    -5.9             8.801
    -5.8             8.739
    -5.7             8.674
    -5.6             8.605
    -5.5             8.533
    -5.4             8.456
    -5.3             8.374
    -5.2             8.288
    -5.1             8.196
    -5.0             8.099
    -4.9             7.997
    -4.8             7.889
    -4.7             7.776
    -4.6             7.659
    -4.5             7.537
    -4.4             7.411
    -4.3             7.282
    -4.2             7.148
    -4.1             7.012
    -4.0             6.871
    -3.9             6.729
    -3.8             6.586
    -3.7             6.442
    -3.6             6.296
    -3.5             6.151
    -3.4             6.005
    -3.3             5.860
    -3.2             5.714
    -3.1             5.569
    -3.0             5.423
    -2.9             5.275
    -2.8             5.125
    -2.7             4.974
    -2.6             4.822
    -2.5             4.668
    -2.4             4.512
    -2.3             4.355
    -2.2             4.198
    -2.1             4.041
    -2.0             3.886
    -1.9             3.734
    -1.8             3.583
    -1.7             3.433
    -1.6             3.282
    -1.5             3.131
    -1.4             2.981
    -1.3             2.831
    -1.2             2.682
    -1.1             2.533
    -1.0             2.385
    -0.9             2.237
    -0.8             2.090
    -0.7             1.944
    -0.6             1.798
    -0.5             1.653
    -0.4             1.507
    -0.3             1.361
    -0.2             1.215
    -0.1             1.068
     0.0             0.921
     0.1             0.773
     0.2             0.626
     0.3             0.478
     0.4             0.329
     0.5             0.180
     0.6             0.030
     0.7            -0.121
     0.8            -0.273
     0.9            -0.426
     1.0            -0.582
     1.1            -0.741
     1.2            -0.905
     1.3            -1.075
     1.4            -1.256
     1.5            -1.458
     1.6            -1.646
     1.7            -1.909


 Wavelength (in microns) =   20.
 log S (in Jy)   log N(>S) (in galaxies/sr)
    -7.9             9.898
    -7.8             9.857
    -7.7             9.816
    -7.6             9.775
    -7.5             9.733
    -7.4             9.691
    -7.3             9.649
    -7.2             9.607
    -7.1             9.564
    -7.0             9.520
    -6.9             9.477
    -6.8             9.432
    -6.7             9.387
    -6.6             9.340
    -6.5             9.292
    -6.4             9.243
    -6.3             9.193
    -6.2             9.141
    -6.1             9.087
    -6.0             9.030
    -5.9             8.970
    -5.8             8.906
    -5.7             8.840
    -5.6             8.769
    -5.5             8.694
    -5.4             8.614
    -5.3             8.529
    -5.2             8.439
    -5.1             8.344
    -5.0             8.243
    -4.9             8.137
    -4.8             8.026
    -4.7             7.908
    -4.6             7.786
    -4.5             7.658
    -4.4             7.526
    -4.3             7.389
    -4.2             7.251
    -4.1             7.112
    -4.0             6.972
    -3.9             6.833
    -3.8             6.692
    -3.7             6.551
    -3.6             6.410
    -3.5             6.268
    -3.4             6.126
    -3.3             5.985
    -3.2             5.843
    -3.1             5.701
    -3.0             5.560
    -2.9             5.418
    -2.8             5.277
    -2.7             5.134
    -2.6             4.990
    -2.5             4.845
    -2.4             4.699
    -2.3             4.551
    -2.2             4.403
    -2.1             4.255
    -2.0             4.105
    -1.9             3.955
    -1.8             3.806
    -1.7             3.657
    -1.6             3.510
    -1.5             3.364
    -1.4             3.221
    -1.3             3.078
    -1.2             2.936
    -1.1             2.794
    -1.0             2.652
    -0.9             2.511
    -0.8             2.369
    -0.7             2.227
    -0.6             2.085
    -0.5             1.943
    -0.4             1.800
    -0.3             1.656
    -0.2             1.512
    -0.1             1.368
     0.0             1.223
     0.1             1.078
     0.2             0.932
     0.3             0.786
     0.4             0.639
     0.5             0.491
     0.6             0.342
     0.7             0.193
     0.8             0.042
     0.9            -0.111
     1.0            -0.265
     1.1            -0.424
     1.2            -0.586
     1.3            -0.756
     1.4            -0.938
     1.5            -1.139
     1.6            -1.328
     1.7            -1.586


 Wavelength (in microns) =   30.
 log S (in Jy)   log N(>S) (in galaxies/sr)
    -7.9            10.003
    -7.8             9.961
    -7.7             9.920
    -7.6             9.879
    -7.5             9.838
    -7.4             9.796
    -7.3             9.755
    -7.2             9.713
    -7.1             9.671
    -7.0             9.628
    -6.9             9.585
    -6.8             9.541
    -6.7             9.497
    -6.6             9.451
    -6.5             9.404
    -6.4             9.356
    -6.3             9.305
    -6.2             9.253
    -6.1             9.198
    -6.0             9.140
    -5.9             9.080
    -5.8             9.016
    -5.7             8.948
    -5.6             8.877
    -5.5             8.801
    -5.4             8.721
    -5.3             8.636
    -5.2             8.546
    -5.1             8.451
    -5.0             8.351
    -4.9             8.247
    -4.8             8.138
    -4.7             8.024
    -4.6             7.908
    -4.5             7.789
    -4.4             7.668
    -4.3             7.544
    -4.2             7.417
    -4.1             7.289
    -4.0             7.160
    -3.9             7.031
    -3.8             6.902
    -3.7             6.774
    -3.6             6.646
    -3.5             6.518
    -3.4             6.389
    -3.3             6.260
    -3.2             6.130
    -3.1             6.000
    -3.0             5.868
    -2.9             5.736
    -2.8             5.602
    -2.7             5.469
    -2.6             5.334
    -2.5             5.198
    -2.4             5.062
    -2.3             4.924
    -2.2             4.785
    -2.1             4.645
    -2.0             4.505
    -1.9             4.364
    -1.8             4.223
    -1.7             4.083
    -1.6             3.942
    -1.5             3.802
    -1.4             3.662
    -1.3             3.522
    -1.2             3.383
    -1.1             3.244
    -1.0             3.104
    -0.9             2.965
    -0.8             2.825
    -0.7             2.685
    -0.6             2.544
    -0.5             2.404
    -0.4             2.263
    -0.3             2.122
    -0.2             1.981
    -0.1             1.839
     0.0             1.697
     0.1             1.554
     0.2             1.411
     0.3             1.267
     0.4             1.122
     0.5             0.976
     0.6             0.830
     0.7             0.682
     0.8             0.533
     0.9             0.382
     1.0             0.228
     1.1             0.072
     1.2            -0.090
     1.3            -0.259
     1.4            -0.439
     1.5            -0.639
     1.6            -0.826
     1.7            -1.086


 Wavelength (in microns) =   40.
 log S (in Jy)   log N(>S) (in galaxies/sr)
    -7.9            10.026
    -7.8             9.985
    -7.7             9.944
    -7.6             9.903
    -7.5             9.862
    -7.4             9.820
    -7.3             9.779
    -7.2             9.737
    -7.1             9.695
    -7.0             9.653
    -6.9             9.610
    -6.8             9.566
    -6.7             9.521
    -6.6             9.474
    -6.5             9.427
    -6.4             9.377
    -6.3             9.326
    -6.2             9.273
    -6.1             9.218
    -6.0             9.160
    -5.9             9.101
    -5.8             9.038
    -5.7             8.973
    -5.6             8.904
    -5.5             8.833
    -5.4             8.758
    -5.3             8.679
    -5.2             8.596
    -5.1             8.510
    -5.0             8.419
    -4.9             8.326
    -4.8             8.229
    -4.7             8.128
    -4.6             8.025
    -4.5             7.919
    -4.4             7.809
    -4.3             7.698
    -4.2             7.584
    -4.1             7.469
    -4.0             7.351
    -3.9             7.233
    -3.8             7.114
    -3.7             6.994
    -3.6             6.873
    -3.5             6.752
    -3.4             6.632
    -3.3             6.510
    -3.2             6.389
    -3.1             6.267
    -3.0             6.144
    -2.9             6.020
    -2.8             5.895
    -2.7             5.769
    -2.6             5.641
    -2.5             5.513
    -2.4             5.383
    -2.3             5.252
    -2.2             5.119
    -2.1             4.985
    -2.0             4.850
    -1.9             4.713
    -1.8             4.576
    -1.7             4.438
    -1.6             4.300
    -1.5             4.162
    -1.4             4.025
    -1.3             3.888
    -1.2             3.751
    -1.1             3.616
    -1.0             3.481
    -0.9             3.346
    -0.8             3.210
    -0.7             3.075
    -0.6             2.939
    -0.5             2.803
    -0.4             2.667
    -0.3             2.530
    -0.2             2.393
    -0.1             2.255
     0.0             2.117
     0.1             1.978
     0.2             1.838
     0.3             1.697
     0.4             1.556
     0.5             1.414
     0.6             1.270
     0.7             1.125
     0.8             0.979
     0.9             0.830
     1.0             0.679
     1.1             0.524
     1.2             0.364
     1.3             0.197
     1.4             0.018
     1.5            -0.182
     1.6            -0.367
     1.7            -0.626


 Wavelength (in microns) =   60.
 log S (in Jy)   log N(>S) (in galaxies/sr)
    -7.9            10.025
    -7.8             9.986
    -7.7             9.946
    -7.6             9.906
    -7.5             9.867
    -7.4             9.826
    -7.3             9.786
    -7.2             9.745
    -7.1             9.703
    -7.0             9.660
    -6.9             9.617
    -6.8             9.572
    -6.7             9.526
    -6.6             9.480
    -6.5             9.432
    -6.4             9.384
    -6.3             9.334
    -6.2             9.284
    -6.1             9.233
    -6.0             9.182
    -5.9             9.129
    -5.8             9.075
    -5.7             9.020
    -5.6             8.964
    -5.5             8.905
    -5.4             8.844
    -5.3             8.781
    -5.2             8.715
    -5.1             8.646
    -5.0             8.574
    -4.9             8.499
    -4.8             8.421
    -4.7             8.340
    -4.6             8.257
    -4.5             8.171
    -4.4             8.083
    -4.3             7.992
    -4.2             7.900
    -4.1             7.804
    -4.0             7.707
    -3.9             7.608
    -3.8             7.506
    -3.7             7.403
    -3.6             7.298
    -3.5             7.192
    -3.4             7.085
    -3.3             6.977
    -3.2             6.868
    -3.1             6.757
    -3.0             6.646
    -2.9             6.533
    -2.8             6.420
    -2.7             6.304
    -2.6             6.188
    -2.5             6.070
    -2.4             5.952
    -2.3             5.832
    -2.2             5.710
    -2.1             5.588
    -2.0             5.464
    -1.9             5.339
    -1.8             5.212
    -1.7             5.085
    -1.6             4.956
    -1.5             4.826
    -1.4             4.695
    -1.3             4.563
    -1.2             4.431
    -1.1             4.298
    -1.0             4.165
    -0.9             4.032
    -0.8             3.898
    -0.7             3.764
    -0.6             3.630
    -0.5             3.494
    -0.4             3.359
    -0.3             3.222
    -0.2             3.085
    -0.1             2.947
     0.0             2.809
     0.1             2.670
     0.2             2.530
     0.3             2.389
     0.4             2.248
     0.5             2.106
     0.6             1.962
     0.7             1.818
     0.8             1.672
     0.9             1.523
     1.0             1.373
     1.1             1.219
     1.2             1.060
     1.3             0.893
     1.4             0.714
     1.5             0.515
     1.6             0.330
     1.7             0.071


 Wavelength (in microns) =   80.
 log S (in Jy)   log N(>S) (in galaxies/sr)
    -7.9            10.042
    -7.8            10.004
    -7.7             9.966
    -7.6             9.928
    -7.5             9.889
    -7.4             9.850
    -7.3             9.810
    -7.2             9.770
    -7.1             9.728
    -7.0             9.686
    -6.9             9.644
    -6.8             9.601
    -6.7             9.557
    -6.6             9.514
    -6.5             9.470
    -6.4             9.427
    -6.3             9.384
    -6.2             9.340
    -6.1             9.297
    -6.0             9.253
    -5.9             9.208
    -5.8             9.163
    -5.7             9.116
    -5.6             9.069
    -5.5             9.020
    -5.4             8.969
    -5.3             8.917
    -5.2             8.862
    -5.1             8.805
    -5.0             8.746
    -4.9             8.685
    -4.8             8.621
    -4.7             8.555
    -4.6             8.486
    -4.5             8.415
    -4.4             8.341
    -4.3             8.265
    -4.2             8.187
    -4.1             8.107
    -4.0             8.025
    -3.9             7.940
    -3.8             7.852
    -3.7             7.762
    -3.6             7.670
    -3.5             7.575
    -3.4             7.478
    -3.3             7.378
    -3.2             7.275
    -3.1             7.171
    -3.0             7.064
    -2.9             6.955
    -2.8             6.844
    -2.7             6.731
    -2.6             6.617
    -2.5             6.501
    -2.4             6.384
    -2.3             6.265
    -2.2             6.145
    -2.1             6.023
    -2.0             5.899
    -1.9             5.774
    -1.8             5.647
    -1.7             5.518
    -1.6             5.388
    -1.5             5.256
    -1.4             5.123
    -1.3             4.987
    -1.2             4.849
    -1.1             4.710
    -1.0             4.569
    -0.9             4.427
    -0.8             4.284
    -0.7             4.140
    -0.6             3.995
    -0.5             3.851
    -0.4             3.706
    -0.3             3.561
    -0.2             3.416
    -0.1             3.271
     0.0             3.126
     0.1             2.980
     0.2             2.834
     0.3             2.688
     0.4             2.542
     0.5             2.395
     0.6             2.247
     0.7             2.099
     0.8             1.950
     0.9             1.799
     1.0             1.645
     1.1             1.489
     1.2             1.327
     1.3             1.159
     1.4             0.978
     1.5             0.778
     1.6             0.591
     1.7             0.332


 Wavelength (in microns) =   90.
 log S (in Jy)   log N(>S) (in galaxies/sr)
    -7.9            10.060
    -7.8            10.023
    -7.7             9.986
    -7.6             9.948
    -7.5             9.910
    -7.4             9.871
    -7.3             9.832
    -7.2             9.792
    -7.1             9.751
    -7.0             9.710
    -6.9             9.668
    -6.8             9.627
    -6.7             9.585
    -6.6             9.544
    -6.5             9.503
    -6.4             9.462
    -6.3             9.422
    -6.2             9.381
    -6.1             9.340
    -6.0             9.299
    -5.9             9.257
    -5.8             9.214
    -5.7             9.171
    -5.6             9.126
    -5.5             9.081
    -5.4             9.033
    -5.3             8.985
    -5.2             8.934
    -5.1             8.881
    -5.0             8.827
    -4.9             8.770
    -4.8             8.710
    -4.7             8.649
    -4.6             8.585
    -4.5             8.519
    -4.4             8.450
    -4.3             8.380
    -4.2             8.307
    -4.1             8.231
    -4.0             8.153
    -3.9             8.073
    -3.8             7.990
    -3.7             7.904
    -3.6             7.815
    -3.5             7.724
    -3.4             7.629
    -3.3             7.532
    -3.2             7.431
    -3.1             7.328
    -3.0             7.221
    -2.9             7.113
    -2.8             7.002
    -2.7             6.888
    -2.6             6.773
    -2.5             6.656
    -2.4             6.537
    -2.3             6.417
    -2.2             6.295
    -2.1             6.171
    -2.0             6.046
    -1.9             5.919
    -1.8             5.791
    -1.7             5.660
    -1.6             5.528
    -1.5             5.394
    -1.4             5.258
    -1.3             5.120
    -1.2             4.979
    -1.1             4.837
    -1.0             4.692
    -0.9             4.545
    -0.8             4.397
    -0.7             4.248
    -0.6             4.098
    -0.5             3.947
    -0.4             3.797
    -0.3             3.647
    -0.2             3.497
    -0.1             3.347
     0.0             3.198
     0.1             3.049
     0.2             2.899
     0.3             2.750
     0.4             2.601
     0.5             2.452
     0.6             2.302
     0.7             2.151
     0.8             2.000
     0.9             1.847
     1.0             1.692
     1.1             1.534
     1.2             1.371
     1.3             1.202
     1.4             1.021
     1.5             0.819
     1.6             0.633
     1.7             0.370


 Wavelength (in microns) =  100.
 log S (in Jy)   log N(>S) (in galaxies/sr)
    -7.9            10.082
    -7.8            10.046
    -7.7            10.009
    -7.6             9.972
    -7.5             9.934
    -7.4             9.896
    -7.3             9.857
    -7.2             9.817
    -7.1             9.777
    -7.0             9.737
    -6.9             9.697
    -6.8             9.658
    -6.7             9.618
    -6.6             9.579
    -6.5             9.540
    -6.4             9.501
    -6.3             9.463
    -6.2             9.424
    -6.1             9.385
    -6.0             9.346
    -5.9             9.306
    -5.8             9.265
    -5.7             9.224
    -5.6             9.182
    -5.5             9.138
    -5.4             9.094
    -5.3             9.047
    -5.2             9.000
    -5.1             8.950
    -5.0             8.899
    -4.9             8.845
    -4.8             8.790
    -4.7             8.732
    -4.6             8.672
    -4.5             8.610
    -4.4             8.545
    -4.3             8.478
    -4.2             8.409
    -4.1             8.337
    -4.0             8.262
    -3.9             8.185
    -3.8             8.105
    -3.7             8.022
    -3.6             7.936
    -3.5             7.846
    -3.4             7.753
    -3.3             7.657
    -3.2             7.558
    -3.1             7.455
    -3.0             7.349
    -2.9             7.239
    -2.8             7.127
    -2.7             7.013
    -2.6             6.896
    -2.5             6.777
    -2.4             6.656
    -2.3             6.534
    -2.2             6.410
    -2.1             6.285
    -2.0             6.158
    -1.9             6.029
    -1.8             5.898
    -1.7             5.765
    -1.6             5.630
    -1.5             5.494
    -1.4             5.355
    -1.3             5.215
    -1.2             5.071
    -1.1             4.926
    -1.0             4.777
    -0.9             4.627
    -0.8             4.474
    -0.7             4.319
    -0.6             4.164
    -0.5             4.007
    -0.4             3.851
    -0.3             3.695
    -0.2             3.539
    -0.1             3.385
     0.0             3.231
     0.1             3.077
     0.2             2.925
     0.3             2.773
     0.4             2.621
     0.5             2.469
     0.6             2.317
     0.7             2.165
     0.8             2.013
     0.9             1.859
     1.0             1.703
     1.1             1.544
     1.2             1.381
     1.3             1.210
     1.4             1.029
     1.5             0.827
     1.6             0.639
     1.7             0.379


 Wavelength (in microns) =  150.
 log S (in Jy)   log N(>S) (in galaxies/sr)
    -7.9            10.204
    -7.8            10.169
    -7.7            10.133
    -7.6            10.098
    -7.5            10.062
    -7.4            10.025
    -7.3             9.989
    -7.2             9.953
    -7.1             9.918
    -7.0             9.882
    -6.9             9.847
    -6.8             9.812
    -6.7             9.778
    -6.6             9.743
    -6.5             9.709
    -6.4             9.675
    -6.3             9.640
    -6.2             9.606
    -6.1             9.571
    -6.0             9.536
    -5.9             9.500
    -5.8             9.464
    -5.7             9.428
    -5.6             9.390
    -5.5             9.352
    -5.4             9.314
    -5.3             9.274
    -5.2             9.233
    -5.1             9.191
    -5.0             9.147
    -4.9             9.103
    -4.8             9.056
    -4.7             9.008
    -4.6             8.957
    -4.5             8.904
    -4.4             8.849
    -4.3             8.791
    -4.2             8.730
    -4.1             8.666
    -4.0             8.598
    -3.9             8.527
    -3.8             8.452
    -3.7             8.373
    -3.6             8.290
    -3.5             8.202
    -3.4             8.110
    -3.3             8.013
    -3.2             7.911
    -3.1             7.804
    -3.0             7.692
    -2.9             7.575
    -2.8             7.454
    -2.7             7.329
    -2.6             7.201
    -2.5             7.070
    -2.4             6.937
    -2.3             6.802
    -2.2             6.667
    -2.1             6.530
    -2.0             6.392
    -1.9             6.253
    -1.8             6.111
    -1.7             5.968
    -1.6             5.822
    -1.5             5.673
    -1.4             5.523
    -1.3             5.369
    -1.2             5.213
    -1.1             5.053
    -1.0             4.890
    -0.9             4.721
    -0.8             4.548
    -0.7             4.371
    -0.6             4.190
    -0.5             4.007
    -0.4             3.823
    -0.3             3.641
    -0.2             3.461
    -0.1             3.285
     0.0             3.112
     0.1             2.943
     0.2             2.777
     0.3             2.615
     0.4             2.454
     0.5             2.296
     0.6             2.140
     0.7             1.983
     0.8             1.827
     0.9             1.670
     1.0             1.511
     1.1             1.351
     1.2             1.186
     1.3             1.014
     1.4             0.831
     1.5             0.628
     1.6             0.440
     1.7             0.178


 Wavelength (in microns) =  175.
 log S (in Jy)   log N(>S) (in galaxies/sr)
    -7.9            10.255
    -7.8            10.220
    -7.7            10.185
    -7.6            10.149
    -7.5            10.114
    -7.4            10.079
    -7.3            10.044
    -7.2            10.009
    -7.1             9.974
    -7.0             9.940
    -6.9             9.905
    -6.8             9.871
    -6.7             9.838
    -6.6             9.804
    -6.5             9.770
    -6.4             9.736
    -6.3             9.702
    -6.2             9.668
    -6.1             9.634
    -6.0             9.599
    -5.9             9.564
    -5.8             9.529
    -5.7             9.493
    -5.6             9.457
    -5.5             9.419
    -5.4             9.382
    -5.3             9.343
    -5.2             9.303
    -5.1             9.263
    -5.0             9.221
    -4.9             9.177
    -4.8             9.132
    -4.7             9.085
    -4.6             9.037
    -4.5             8.986
    -4.4             8.932
    -4.3             8.875
    -4.2             8.816
    -4.1             8.753
    -4.0             8.686
    -3.9             8.615
    -3.8             8.540
    -3.7             8.461
    -3.6             8.376
    -3.5             8.287
    -3.4             8.192
    -3.3             8.092
    -3.2             7.987
    -3.1             7.875
    -3.0             7.759
    -2.9             7.637
    -2.8             7.510
    -2.7             7.379
    -2.6             7.245
    -2.5             7.107
    -2.4             6.968
    -2.3             6.828
    -2.2             6.687
    -2.1             6.546
    -2.0             6.403
    -1.9             6.259
    -1.8             6.113
    -1.7             5.965
    -1.6             5.813
    -1.5             5.659
    -1.4             5.502
    -1.3             5.342
    -1.2             5.179
    -1.1             5.012
    -1.0             4.841
    -0.9             4.664
    -0.8             4.481
    -0.7             4.293
    -0.6             4.100
    -0.5             3.904
    -0.4             3.710
    -0.3             3.518
    -0.2             3.331
    -0.1             3.149
     0.0             2.972
     0.1             2.799
     0.2             2.631
     0.3             2.467
     0.4             2.306
     0.5             2.147
     0.6             1.990
     0.7             1.833
     0.8             1.677
     0.9             1.519
     1.0             1.360
     1.1             1.199
     1.2             1.034
     1.3             0.861
     1.4             0.678
     1.5             0.474
     1.6             0.286
     1.7             0.022


 Wavelength (in microns) =  200.
 log S (in Jy)   log N(>S) (in galaxies/sr)
    -7.9            10.297
    -7.8            10.262
    -7.7            10.226
    -7.6            10.191
    -7.5            10.156
    -7.4            10.122
    -7.3            10.087
    -7.2            10.053
    -7.1            10.019
    -7.0             9.985
    -6.9             9.951
    -6.8             9.917
    -6.7             9.884
    -6.6             9.850
    -6.5             9.817
    -6.4             9.783
    -6.3             9.749
    -6.2             9.715
    -6.1             9.681
    -6.0             9.647
    -5.9             9.612
    -5.8             9.577
    -5.7             9.541
    -5.6             9.505
    -5.5             9.468
    -5.4             9.431
    -5.3             9.393
    -5.2             9.354
    -5.1             9.314
    -5.0             9.272
    -4.9             9.230
    -4.8             9.185
    -4.7             9.139
    -4.6             9.091
    -4.5             9.041
    -4.4             8.988
    -4.3             8.932
    -4.2             8.873
    -4.1             8.810
    -4.0             8.743
    -3.9             8.672
    -3.8             8.596
    -3.7             8.515
    -3.6             8.428
    -3.5             8.337
    -3.4             8.239
    -3.3             8.135
    -3.2             8.025
    -3.1             7.910
    -3.0             7.788
    -2.9             7.661
    -2.8             7.528
    -2.7             7.391
    -2.6             7.251
    -2.5             7.108
    -2.4             6.964
    -2.3             6.819
    -2.2             6.673
    -2.1             6.528
    -2.0             6.381
    -1.9             6.233
    -1.8             6.082
    -1.7             5.929
    -1.6             5.772
    -1.5             5.611
    -1.4             5.447
    -1.3             5.281
    -1.2             5.111
    -1.1             4.937
    -1.0             4.758
    -0.9             4.572
    -0.8             4.379
    -0.7             4.178
    -0.6             3.973
    -0.5             3.767
    -0.4             3.563
    -0.3             3.365
    -0.2             3.174
    -0.1             2.988
     0.0             2.809
     0.1             2.635
     0.2             2.465
     0.3             2.301
     0.4             2.140
     0.5             1.982
     0.6             1.825
     0.7             1.668
     0.8             1.511
     0.9             1.353
     1.0             1.194
     1.1             1.032
     1.2             0.866
     1.3             0.693
     1.4             0.509
     1.5             0.305
     1.6             0.115
     1.7            -0.146


 Wavelength (in microns) =  250.
 log S (in Jy)   log N(>S) (in galaxies/sr)
    -7.9            10.354
    -7.8            10.319
    -7.7            10.284
    -7.6            10.250
    -7.5            10.215
    -7.4            10.181
    -7.3            10.147
    -7.2            10.114
    -7.1            10.080
    -7.0            10.047
    -6.9            10.013
    -6.8             9.980
    -6.7             9.946
    -6.6             9.913
    -6.5             9.879
    -6.4             9.845
    -6.3             9.811
    -6.2             9.777
    -6.1             9.743
    -6.0             9.708
    -5.9             9.673
    -5.8             9.638
    -5.7             9.603
    -5.6             9.567
    -5.5             9.530
    -5.4             9.493
    -5.3             9.455
    -5.2             9.416
    -5.1             9.376
    -5.0             9.335
    -4.9             9.292
    -4.8             9.248
    -4.7             9.202
    -4.6             9.154
    -4.5             9.104
    -4.4             9.050
    -4.3             8.993
    -4.2             8.933
    -4.1             8.869
    -4.0             8.799
    -3.9             8.725
    -3.8             8.646
    -3.7             8.560
    -3.6             8.469
    -3.5             8.370
    -3.4             8.265
    -3.3             8.153
    -3.2             8.034
    -3.1             7.908
    -3.0             7.776
    -2.9             7.638
    -2.8             7.495
    -2.7             7.348
    -2.6             7.198
    -2.5             7.046
    -2.4             6.894
    -2.3             6.741
    -2.2             6.588
    -2.1             6.435
    -2.0             6.281
    -1.9             6.124
    -1.8             5.964
    -1.7             5.800
    -1.6             5.630
    -1.5             5.456
    -1.4             5.278
    -1.3             5.097
    -1.2             4.913
    -1.1             4.724
    -1.0             4.528
    -0.9             4.320
    -0.8             4.103
    -0.7             3.878
    -0.6             3.655
    -0.5             3.437
    -0.4             3.228
    -0.3             3.028
    -0.2             2.837
    -0.1             2.653
     0.0             2.475
     0.1             2.304
     0.2             2.139
     0.3             1.979
     0.4             1.821
     0.5             1.665
     0.6             1.509
     0.7             1.353
     0.8             1.197
     0.9             1.040
     1.0             0.881
     1.1             0.719
     1.2             0.553
     1.3             0.380
     1.4             0.196
     1.5            -0.007
     1.6            -0.197
     1.7            -0.457


 Wavelength (in microns) =  300.
 log S (in Jy)   log N(>S) (in galaxies/sr)
    -7.9            10.386
    -7.8            10.351
    -7.7            10.317
    -7.6            10.283
    -7.5            10.249
    -7.4            10.216
    -7.3            10.182
    -7.2            10.149
    -7.1            10.115
    -7.0            10.082
    -6.9            10.048
    -6.8            10.015
    -6.7             9.981
    -6.6             9.947
    -6.5             9.913
    -6.4             9.879
    -6.3             9.845
    -6.2             9.811
    -6.1             9.776
    -6.0             9.741
    -5.9             9.706
    -5.8             9.670
    -5.7             9.634
    -5.6             9.598
    -5.5             9.561
    -5.4             9.524
    -5.3             9.485
    -5.2             9.446
    -5.1             9.406
    -5.0             9.364
    -4.9             9.321
    -4.8             9.276
    -4.7             9.229
    -4.6             9.180
    -4.5             9.127
    -4.4             9.072
    -4.3             9.012
    -4.2             8.949
    -4.1             8.881
    -4.0             8.808
    -3.9             8.730
    -3.8             8.645
    -3.7             8.554
    -3.6             8.455
    -3.5             8.350
    -3.4             8.236
    -3.3             8.116
    -3.2             7.987
    -3.1             7.852
    -3.0             7.710
    -2.9             7.562
    -2.8             7.410
    -2.7             7.255
    -2.6             7.098
    -2.5             6.939
    -2.4             6.781
    -2.3             6.622
    -2.2             6.462
    -2.1             6.302
    -2.0             6.140
    -1.9             5.974
    -1.8             5.803
    -1.7             5.625
    -1.6             5.441
    -1.5             5.252
    -1.4             5.061
    -1.3             4.868
    -1.2             4.671
    -1.1             4.464
    -1.0             4.244
    -0.9             4.010
    -0.8             3.771
    -0.7             3.535
    -0.6             3.308
    -0.5             3.094
    -0.4             2.892
    -0.3             2.699
    -0.2             2.514
    -0.1             2.335
     0.0             2.164
     0.1             2.001
     0.2             1.842
     0.3             1.687
     0.4             1.532
     0.5             1.378
     0.6             1.224
     0.7             1.069
     0.8             0.914
     0.9             0.759
     1.0             0.601
     1.1             0.440
     1.2             0.275
     1.3             0.104
     1.4            -0.080
     1.5            -0.282
     1.6            -0.473
     1.7            -0.730


 Wavelength (in microns) =  350.
 log S (in Jy)   log N(>S) (in galaxies/sr)
    -7.9            10.403
    -7.8            10.368
    -7.7            10.335
    -7.6            10.301
    -7.5            10.267
    -7.4            10.234
    -7.3            10.200
    -7.2            10.167
    -7.1            10.133
    -7.0            10.100
    -6.9            10.066
    -6.8            10.032
    -6.7             9.998
    -6.6             9.964
    -6.5             9.930
    -6.4             9.896
    -6.3             9.861
    -6.2             9.827
    -6.1             9.792
    -6.0             9.756
    -5.9             9.721
    -5.8             9.685
    -5.7             9.648
    -5.6             9.612
    -5.5             9.574
    -5.4             9.536
    -5.3             9.497
    -5.2             9.457
    -5.1             9.416
    -5.0             9.374
    -4.9             9.329
    -4.8             9.283
    -4.7             9.234
    -4.6             9.183
    -4.5             9.128
    -4.4             9.069
    -4.3             9.006
    -4.2             8.939
    -4.1             8.866
    -4.0             8.788
    -3.9             8.704
    -3.8             8.614
    -3.7             8.516
    -3.6             8.410
    -3.5             8.297
    -3.4             8.176
    -3.3             8.046
    -3.2             7.908
    -3.1             7.764
    -3.0             7.613
    -2.9             7.456
    -2.8             7.297
    -2.7             7.136
    -2.6             6.974
    -2.5             6.811
    -2.4             6.646
    -2.3             6.481
    -2.2             6.315
    -2.1             6.147
    -2.0             5.976
    -1.9             5.800
    -1.8             5.614
    -1.7             5.420
    -1.6             5.222
    -1.5             5.022
    -1.4             4.821
    -1.3             4.616
    -1.2             4.400
    -1.1             4.166
    -1.0             3.918
    -0.9             3.667
    -0.8             3.422
    -0.7             3.191
    -0.6             2.975
    -0.5             2.773
    -0.4             2.579
    -0.3             2.392
    -0.2             2.213
    -0.1             2.044
     0.0             1.883
     0.1             1.725
     0.2             1.570
     0.3             1.416
     0.4             1.262
     0.5             1.108
     0.6             0.954
     0.7             0.799
     0.8             0.644
     0.9             0.488
     1.0             0.330
     1.1             0.169
     1.2             0.003
     1.3            -0.169
     1.4            -0.352
     1.5            -0.555
     1.6            -0.743
     1.7            -1.007


 Wavelength (in microns) =  400.
 log S (in Jy)   log N(>S) (in galaxies/sr)
    -7.9            10.409
    -7.8            10.375
    -7.7            10.342
    -7.6            10.308
    -7.5            10.275
    -7.4            10.241
    -7.3            10.208
    -7.2            10.174
    -7.1            10.140
    -7.0            10.107
    -6.9            10.073
    -6.8            10.039
    -6.7            10.005
    -6.6             9.970
    -6.5             9.936
    -6.4             9.901
    -6.3             9.866
    -6.2             9.831
    -6.1             9.796
    -6.0             9.760
    -5.9             9.724
    -5.8             9.688
    -5.7             9.651
    -5.6             9.614
    -5.5             9.576
    -5.4             9.537
    -5.3             9.497
    -5.2             9.457
    -5.1             9.414
    -5.0             9.371
    -4.9             9.325
    -4.8             9.277
    -4.7             9.226
    -4.6             9.172
    -4.5             9.113
    -4.4             9.051
    -4.3             8.984
    -4.2             8.911
    -4.1             8.834
    -4.0             8.750
    -3.9             8.660
    -3.8             8.563
    -3.7             8.458
    -3.6             8.345
    -3.5             8.224
    -3.4             8.095
    -3.3             7.956
    -3.2             7.810
    -3.1             7.657
    -3.0             7.497
    -2.9             7.333
    -2.8             7.169
    -2.7             7.005
    -2.6             6.839
    -2.5             6.670
    -2.4             6.500
    -2.3             6.328
    -2.2             6.154
    -2.1             5.979
    -2.0             5.797
    -1.9             5.606
    -1.8             5.404
    -1.7             5.196
    -1.6             4.988
    -1.5             4.780
    -1.4             4.569
    -1.3             4.344
    -1.2             4.098
    -1.1             3.837
    -1.0             3.577
    -0.9             3.326
    -0.8             3.092
    -0.7             2.876
    -0.6             2.673
    -0.5             2.478
    -0.4             2.290
    -0.3             2.110
    -0.2             1.942
    -0.1             1.782
     0.0             1.625
     0.1             1.470
     0.2             1.316
     0.3             1.162
     0.4             1.008
     0.5             0.854
     0.6             0.700
     0.7             0.546
     0.8             0.390
     0.9             0.234
     1.0             0.076
     1.1            -0.085
     1.2            -0.251
     1.3            -0.422
     1.4            -0.606
     1.5            -0.809
     1.6            -1.001
     1.7            -1.256


 Wavelength (in microns) =  450.
 log S (in Jy)   log N(>S) (in galaxies/sr)
    -7.9            10.409
    -7.8            10.376
    -7.7            10.342
    -7.6            10.309
    -7.5            10.275
    -7.4            10.242
    -7.3            10.208
    -7.2            10.174
    -7.1            10.140
    -7.0            10.106
    -6.9            10.072
    -6.8            10.038
    -6.7            10.003
    -6.6             9.969
    -6.5             9.934
    -6.4             9.899
    -6.3             9.864
    -6.2             9.829
    -6.1             9.793
    -6.0             9.757
    -5.9             9.721
    -5.8             9.684
    -5.7             9.646
    -5.6             9.609
    -5.5             9.570
    -5.4             9.530
    -5.3             9.490
    -5.2             9.448
    -5.1             9.405
    -5.0             9.360
    -4.9             9.312
    -4.8             9.262
    -4.7             9.208
    -4.6             9.150
    -4.5             9.088
    -4.4             9.021
    -4.3             8.949
    -4.2             8.871
    -4.1             8.788
    -4.0             8.699
    -3.9             8.603
    -3.8             8.499
    -3.7             8.388
    -3.6             8.267
    -3.5             8.138
    -3.4             8.001
    -3.3             7.854
    -3.2             7.699
    -3.1             7.536
    -3.0             7.369
    -2.9             7.203
    -2.8             7.036
    -2.7             6.868
    -2.6             6.697
    -2.5             6.522
    -2.4             6.344
    -2.3             6.166
    -2.2             5.985
    -2.1             5.800
    -2.0             5.604
    -1.9             5.394
    -1.8             5.179
    -1.7             4.964
    -1.6             4.750
    -1.5             4.533
    -1.4             4.300
    -1.3             4.043
    -1.2             3.774
    -1.1             3.508
    -1.0             3.252
    -0.9             3.017
    -0.8             2.803
    -0.7             2.600
    -0.6             2.403
    -0.5             2.215
    -0.4             2.037
    -0.3             1.870
    -0.2             1.711
    -0.1             1.556
     0.0             1.401
     0.1             1.247
     0.2             1.093
     0.3             0.940
     0.4             0.786
     0.5             0.633
     0.6             0.479
     0.7             0.325
     0.8             0.170
     0.9             0.014
     1.0            -0.145
     1.1            -0.305
     1.2            -0.470
     1.3            -0.641
     1.4            -0.825
     1.5            -1.029
     1.6            -1.222
     1.7            -1.485


 Wavelength (in microns) =  550.
 log S (in Jy)   log N(>S) (in galaxies/sr)
    -7.9            10.397
    -7.8            10.364
    -7.7            10.330
    -7.6            10.297
    -7.5            10.263
    -7.4            10.229
    -7.3            10.195
    -7.2            10.161
    -7.1            10.126
    -7.0            10.092
    -6.9            10.057
    -6.8            10.023
    -6.7             9.988
    -6.6             9.953
    -6.5             9.917
    -6.4             9.882
    -6.3             9.846
    -6.2             9.810
    -6.1             9.773
    -6.0             9.737
    -5.9             9.700
    -5.8             9.662
    -5.7             9.624
    -5.6             9.585
    -5.5             9.545
    -5.4             9.504
    -5.3             9.462
    -5.2             9.418
    -5.1             9.371
    -5.0             9.322
    -4.9             9.269
    -4.8             9.212
    -4.7             9.151
    -4.6             9.085
    -4.5             9.013
    -4.4             8.937
    -4.3             8.855
    -4.2             8.768
    -4.1             8.674
    -4.0             8.573
    -3.9             8.464
    -3.8             8.347
    -3.7             8.221
    -3.6             8.086
    -3.5             7.942
    -3.4             7.788
    -3.3             7.622
    -3.2             7.450
    -3.1             7.279
    -3.0             7.108
    -2.9             6.937
    -2.8             6.765
    -2.7             6.585
    -2.6             6.399
    -2.5             6.211
    -2.4             6.023
    -2.3             5.830
    -2.2             5.629
    -2.1             5.410
    -2.0             5.185
    -1.9             4.958
    -1.8             4.732
    -1.7             4.505
    -1.6             4.263
    -1.5             3.992
    -1.4             3.712
    -1.3             3.436
    -1.2             3.174
    -1.1             2.936
    -1.0             2.724
    -0.9             2.520
    -0.8             2.323
    -0.7             2.135
    -0.6             1.959
    -0.5             1.795
    -0.4             1.639
    -0.3             1.484
    -0.2             1.331
    -0.1             1.177
     0.0             1.024
     0.1             0.872
     0.2             0.719
     0.3             0.567
     0.4             0.414
     0.5             0.262
     0.6             0.109
     0.7            -0.044
     0.8            -0.198
     0.9            -0.354
     1.0            -0.511
     1.1            -0.673
     1.2            -0.837
     1.3            -1.008
     1.4            -1.190
     1.5            -1.392
     1.6            -1.578
     1.7            -1.838


 Wavelength (in microns) =  650.
 log S (in Jy)   log N(>S) (in galaxies/sr)
    -7.9            10.376
    -7.8            10.342
    -7.7            10.308
    -7.6            10.275
    -7.5            10.240
    -7.4            10.206
    -7.3            10.172
    -7.2            10.137
    -7.1            10.103
    -7.0            10.068
    -6.9            10.033
    -6.8             9.998
    -6.7             9.962
    -6.6             9.927
    -6.5             9.891
    -6.4             9.855
    -6.3             9.818
    -6.2             9.781
    -6.1             9.744
    -6.0             9.707
    -5.9             9.669
    -5.8             9.630
    -5.7             9.591
    -5.6             9.551
    -5.5             9.510
    -5.4             9.467
    -5.3             9.422
    -5.2             9.374
    -5.1             9.323
    -5.0             9.268
    -4.9             9.208
    -4.8             9.144
    -4.7             9.074
    -4.6             8.999
    -4.5             8.919
    -4.4             8.834
    -4.3             8.742
    -4.2             8.644
    -4.1             8.539
    -4.0             8.427
    -3.9             8.305
    -3.8             8.174
    -3.7             8.035
    -3.6             7.886
    -3.5             7.724
    -3.4             7.549
    -3.3             7.372
    -3.2             7.197
    -3.1             7.022
    -3.0             6.847
    -2.9             6.668
    -2.8             6.477
    -2.7             6.284
    -2.6             6.088
    -2.5             5.890
    -2.4             5.686
    -2.3             5.466
    -2.2             5.234
    -2.1             5.000
    -2.0             4.766
    -1.9             4.529
    -1.8             4.284
    -1.7             4.007
    -1.6             3.719
    -1.5             3.434
    -1.4             3.162
    -1.3             2.915
    -1.2             2.699
    -1.1             2.492
    -1.0             2.291
    -0.9             2.100
    -0.8             1.921
    -0.7             1.756
    -0.6             1.600
    -0.5             1.445
    -0.4             1.291
    -0.3             1.138
    -0.2             0.986
    -0.1             0.833
     0.0             0.682
     0.1             0.531
     0.2             0.379
     0.3             0.228
     0.4             0.076
     0.5            -0.076
     0.6            -0.229
     0.7            -0.381
     0.8            -0.535
     0.9            -0.689
     1.0            -0.846
     1.1            -1.006
     1.2            -1.170
     1.3            -1.341
     1.4            -1.525
     1.5            -1.730
     1.6            -1.923
     1.7            -2.193


 Wavelength (in microns) =  750.
 log S (in Jy)   log N(>S) (in galaxies/sr)
    -7.9            10.350
    -7.8            10.316
    -7.7            10.282
    -7.6            10.248
    -7.5            10.213
    -7.4            10.179
    -7.3            10.144
    -7.2            10.109
    -7.1            10.074
    -7.0            10.039
    -6.9            10.003
    -6.8             9.968
    -6.7             9.932
    -6.6             9.896
    -6.5             9.859
    -6.4             9.823
    -6.3             9.786
    -6.2             9.748
    -6.1             9.711
    -6.0             9.672
    -5.9             9.633
    -5.8             9.594
    -5.7             9.553
    -5.6             9.512
    -5.5             9.469
    -5.4             9.423
    -5.3             9.374
    -5.2             9.322
    -5.1             9.264
    -5.0             9.202
    -4.9             9.135
    -4.8             9.062
    -4.7             8.984
    -4.6             8.902
    -4.5             8.813
    -4.4             8.719
    -4.3             8.618
    -4.2             8.511
    -4.1             8.395
    -4.0             8.270
    -3.9             8.135
    -3.8             7.992
    -3.7             7.837
    -3.6             7.667
    -3.5             7.488
    -3.4             7.309
    -3.3             7.131
    -3.2             6.953
    -3.1             6.775
    -3.0             6.588
    -2.9             6.390
    -2.8             6.191
    -2.7             5.988
    -2.6             5.781
    -2.5             5.563
    -2.4             5.328
    -2.3             5.088
    -2.2             4.848
    -2.1             4.605
    -2.0             4.355
    -1.9             4.083
    -1.8             3.791
    -1.7             3.500
    -1.6             3.219
    -1.5             2.959
    -1.4             2.734
    -1.3             2.525
    -1.2             2.323
    -1.1             2.128
    -1.0             1.946
    -0.9             1.779
    -0.8             1.622
    -0.7             1.468
    -0.6             1.315
    -0.5             1.162
    -0.4             1.010
    -0.3             0.858
    -0.2             0.707
    -0.1             0.556
     0.0             0.404
     0.1             0.253
     0.2             0.101
     0.3            -0.051
     0.4            -0.202
     0.5            -0.353
     0.6            -0.506
     0.7            -0.659
     0.8            -0.813
     0.9            -0.969
     1.0            -1.126
     1.1            -1.285
     1.2            -1.451
     1.3            -1.623
     1.4            -1.807
     1.5            -2.010
     1.6            -2.198
     1.7            -2.458


 Wavelength (in microns) =  850.
 log S (in Jy)   log N(>S) (in galaxies/sr)
    -7.9            10.322
    -7.8            10.288
    -7.7            10.253
    -7.6            10.219
    -7.5            10.184
    -7.4            10.149
    -7.3            10.114
    -7.2            10.079
    -7.1            10.044
    -7.0            10.008
    -6.9             9.972
    -6.8             9.936
    -6.7             9.900
    -6.6             9.863
    -6.5             9.826
    -6.4             9.789
    -6.3             9.751
    -6.2             9.713
    -6.1             9.675
    -6.0             9.636
    -5.9             9.596
    -5.8             9.555
    -5.7             9.513
    -5.6             9.470
    -5.5             9.424
    -5.4             9.374
    -5.3             9.320
    -5.2             9.261
    -5.1             9.197
    -5.0             9.127
    -4.9             9.053
    -4.8             8.973
    -4.7             8.888
    -4.6             8.797
    -4.5             8.700
    -4.4             8.598
    -4.3             8.488
    -4.2             8.370
    -4.1             8.241
    -4.0             8.104
    -3.9             7.957
    -3.8             7.797
    -3.7             7.622
    -3.6             7.439
    -3.5             7.258
    -3.4             7.077
    -3.3             6.896
    -3.2             6.713
    -3.1             6.519
    -3.0             6.317
    -2.9             6.112
    -2.8             5.903
    -2.7             5.686
    -2.6             5.456
    -2.5             5.214
    -2.4             4.970
    -2.3             4.723
    -2.2             4.472
    -2.1             4.206
    -2.0             3.915
    -1.9             3.619
    -1.8             3.330
    -1.7             3.055
    -1.6             2.811
    -1.5             2.599
    -1.4             2.393
    -1.3             2.194
    -1.2             2.006
    -1.1             1.832
    -1.0             1.674
    -0.9             1.519
    -0.8             1.365
    -0.7             1.212
    -0.6             1.060
    -0.5             0.908
    -0.4             0.756
    -0.3             0.605
    -0.2             0.453
    -0.1             0.302
     0.0             0.151
     0.1             0.000
     0.2            -0.151
     0.3            -0.302
     0.4            -0.454
     0.5            -0.606
     0.6            -0.758
     0.7            -0.911
     0.8            -1.065
     0.9            -1.220
     1.0            -1.377
     1.1            -1.538
     1.2            -1.704
     1.3            -1.876
     1.4            -2.058
     1.5            -2.262
     1.6            -2.446
     1.7            -2.716


 Wavelength (in microns) = 1000.
 log S (in Jy)   log N(>S) (in galaxies/sr)
    -7.9            10.279
    -7.8            10.244
    -7.7            10.209
    -7.6            10.174
    -7.5            10.139
    -7.4            10.103
    -7.3            10.068
    -7.2            10.032
    -7.1             9.996
    -7.0             9.960
    -6.9             9.924
    -6.8             9.887
    -6.7             9.850
    -6.6             9.813
    -6.5             9.775
    -6.4             9.737
    -6.3             9.698
    -6.2             9.659
    -6.1             9.620
    -6.0             9.579
    -5.9             9.538
    -5.8             9.495
    -5.7             9.451
    -5.6             9.402
    -5.5             9.349
    -5.4             9.291
    -5.3             9.228
    -5.2             9.159
    -5.1             9.084
    -5.0             9.005
    -4.9             8.920
    -4.8             8.830
    -4.7             8.734
    -4.6             8.633
    -4.5             8.525
    -4.4             8.408
    -4.3             8.282
    -4.2             8.147
    -4.1             8.002
    -4.0             7.845
    -3.9             7.672
    -3.8             7.489
    -3.7             7.304
    -3.6             7.119
    -3.5             6.935
    -3.4             6.750
    -3.3             6.556
    -3.2             6.351
    -3.1             6.142
    -3.0             5.928
    -2.9             5.706
    -2.8             5.471
    -2.7             5.225
    -2.6             4.976
    -2.5             4.723
    -2.4             4.464
    -2.3             4.189
    -2.2             3.890
    -2.1             3.591
    -2.0             3.297
    -1.9             3.019
    -1.8             2.773
    -1.7             2.559
    -1.6             2.352
    -1.5             2.151
    -1.4             1.963
    -1.3             1.789
    -1.2             1.630
    -1.1             1.474
    -1.0             1.320
    -0.9             1.166
    -0.8             1.013
    -0.7             0.860
    -0.6             0.707
    -0.5             0.554
    -0.4             0.402
    -0.3             0.250
    -0.2             0.098
    -0.1            -0.053
     0.0            -0.205
     0.1            -0.357
     0.2            -0.508
     0.3            -0.660
     0.4            -0.812
     0.5            -0.964
     0.6            -1.116
     0.7            -1.269
     0.8            -1.423
     0.9            -1.580
     1.0            -1.738
     1.1            -1.897
     1.2            -2.061
     1.3            -2.231
     1.4            -2.409
     1.5            -2.607
     1.6            -2.791
     1.7            -3.047


 Wavelength (in microns) = 1380.
 log S (in Jy)   log N(>S) (in galaxies/sr)
    -7.9            10.171
    -7.8            10.136
    -7.7            10.100
    -7.6            10.064
    -7.5            10.028
    -7.4             9.992
    -7.3             9.955
    -7.2             9.918
    -7.1             9.881
    -7.0             9.844
    -6.9             9.806
    -6.8             9.767
    -6.7             9.729
    -6.6             9.690
    -6.5             9.650
    -6.4             9.609
    -6.3             9.568
    -6.2             9.526
    -6.1             9.482
    -6.0             9.436
    -5.9             9.385
    -5.8             9.328
    -5.7             9.266
    -5.6             9.197
    -5.5             9.123
    -5.4             9.043
    -5.3             8.958
    -5.2             8.868
    -5.1             8.773
    -5.0             8.672
    -4.9             8.565
    -4.8             8.451
    -4.7             8.327
    -4.6             8.194
    -4.5             8.050
    -4.4             7.894
    -4.3             7.723
    -4.2             7.540
    -4.1             7.352
    -4.0             7.163
    -3.9             6.974
    -3.8             6.783
    -3.7             6.586
    -3.6             6.379
    -3.5             6.164
    -3.4             5.942
    -3.3             5.711
    -3.2             5.465
    -3.1             5.211
    -3.0             4.955
    -2.9             4.694
    -2.8             4.423
    -2.7             4.132
    -2.6             3.828
    -2.5             3.528
    -2.4             3.237
    -2.3             2.965
    -2.2             2.729
    -2.1             2.519
    -2.0             2.317
    -1.9             2.124
    -1.8             1.942
    -1.7             1.776
    -1.6             1.620
    -1.5             1.467
    -1.4             1.314
    -1.3             1.161
    -1.2             1.010
    -1.1             0.858
    -1.0             0.706
    -0.9             0.554
    -0.8             0.403
    -0.7             0.252
    -0.6             0.100
    -0.5            -0.051
    -0.4            -0.202
    -0.3            -0.353
    -0.2            -0.504
    -0.1            -0.655
     0.0            -0.806
     0.1            -0.957
     0.2            -1.108
     0.3            -1.260
     0.4            -1.411
     0.5            -1.564
     0.6            -1.717
     0.7            -1.870
     0.8            -2.024
     0.9            -2.181
     1.0            -2.338
     1.1            -2.502
     1.2            -2.674
     1.3            -2.860
     1.4            -3.062
     1.5            -3.291
     1.6            -3.509
     1.7            -3.803


 Wavelength (in microns) = 2000.
 log S (in Jy)   log N(>S) (in galaxies/sr)
    -7.9            10.020
    -7.8             9.984
    -7.7             9.947
    -7.6             9.909
    -7.5             9.872
    -7.4             9.834
    -7.3             9.796
    -7.2             9.757
    -7.1             9.717
    -7.0             9.678
    -6.9             9.637
    -6.8             9.596
    -6.7             9.554
    -6.6             9.511
    -6.5             9.466
    -6.4             9.416
    -6.3             9.362
    -6.2             9.302
    -6.1             9.236
    -6.0             9.163
    -5.9             9.085
    -5.8             9.001
    -5.7             8.912
    -5.6             8.818
    -5.5             8.718
    -5.4             8.613
    -5.3             8.500
    -5.2             8.379
    -5.1             8.248
    -5.0             8.108
    -4.9             7.955
    -4.8             7.787
    -4.7             7.607
    -4.6             7.418
    -4.5             7.225
    -4.4             7.031
    -4.3             6.836
    -4.2             6.636
    -4.1             6.428
    -4.0             6.213
    -3.9             5.989
    -3.8             5.755
    -3.7             5.508
    -3.6             5.253
    -3.5             4.996
    -3.4             4.737
    -3.3             4.470
    -3.2             4.188
    -3.1             3.898
    -3.0             3.616
    -2.9             3.343
    -2.8             3.090
    -2.7             2.868
    -2.6             2.672
    -2.5             2.482
    -2.4             2.299
    -2.3             2.126
    -2.2             1.963
    -2.1             1.808
    -2.0             1.655
    -1.9             1.503
    -1.8             1.351
    -1.7             1.200
    -1.6             1.048
    -1.5             0.897
    -1.4             0.746
    -1.3             0.595
    -1.2             0.444
    -1.1             0.293
    -1.0             0.143
    -0.9            -0.008
    -0.8            -0.159
    -0.7            -0.309
    -0.6            -0.460
    -0.5            -0.611
    -0.4            -0.761
    -0.3            -0.911
    -0.2            -1.062
    -0.1            -1.213
     0.0            -1.364
     0.1            -1.516
     0.2            -1.668
     0.3            -1.819
     0.4            -1.972
     0.5            -2.126
     0.6            -2.280
     0.7            -2.437
     0.8            -2.599
     0.9            -2.765
     1.0            -2.939
     1.1            -3.117
     1.2            -3.299
     1.3            -3.485
     1.4            -3.680
     1.5            -3.889
     1.6            -4.086
     1.7            -4.353
