 Faint counts log N(>S) for scenario E of Guiderdoni et al. 1997


 Wavelength (in microns) =   15.
 log S (in Jy)   log N(>S) (in galaxies/sr)
    -7.9             9.799
    -7.8             9.757
    -7.7             9.715
    -7.6             9.672
    -7.5             9.630
    -7.4             9.587
    -7.3             9.544
    -7.2             9.500
    -7.1             9.455
    -7.0             9.410
    -6.9             9.364
    -6.8             9.317
    -6.7             9.269
    -6.6             9.221
    -6.5             9.171
    -6.4             9.120
    -6.3             9.068
    -6.2             9.014
    -6.1             8.959
    -6.0             8.902
    -5.9             8.844
    -5.8             8.783
    -5.7             8.720
    -5.6             8.653
    -5.5             8.583
    -5.4             8.509
    -5.3             8.431
    -5.2             8.348
    -5.1             8.261
    -5.0             8.168
    -4.9             8.071
    -4.8             7.968
    -4.7             7.860
    -4.6             7.747
    -4.5             7.628
    -4.4             7.503
    -4.3             7.375
    -4.2             7.242
    -4.1             7.106
    -4.0             6.968
    -3.9             6.828
    -3.8             6.688
    -3.7             6.548
    -3.6             6.408
    -3.5             6.269
    -3.4             6.132
    -3.3             5.994
    -3.2             5.857
    -3.1             5.721
    -3.0             5.582
    -2.9             5.442
    -2.8             5.298
    -2.7             5.152
    -2.6             5.003
    -2.5             4.851
    -2.4             4.695
    -2.3             4.535
    -2.2             4.373
    -2.1             4.209
    -2.0             4.045
    -1.9             3.881
    -1.8             3.716
    -1.7             3.550
    -1.6             3.385
    -1.5             3.221
    -1.4             3.058
    -1.3             2.898
    -1.2             2.738
    -1.1             2.579
    -1.0             2.421
    -0.9             2.265
    -0.8             2.111
    -0.7             1.959
    -0.6             1.809
    -0.5             1.659
    -0.4             1.510
    -0.3             1.362
    -0.2             1.214
    -0.1             1.067
     0.0             0.919
     0.1             0.771
     0.2             0.623
     0.3             0.475
     0.4             0.326
     0.5             0.176
     0.6             0.026
     0.7            -0.124
     0.8            -0.276
     0.9            -0.430
     1.0            -0.586
     1.1            -0.745
     1.2            -0.908
     1.3            -1.078
     1.4            -1.260
     1.5            -1.462
     1.6            -1.649
     1.7            -1.913


 Wavelength (in microns) =   20.
 log S (in Jy)   log N(>S) (in galaxies/sr)
    -7.9             9.941
    -7.8             9.901
    -7.7             9.860
    -7.6             9.820
    -7.5             9.779
    -7.4             9.737
    -7.3             9.696
    -7.2             9.654
    -7.1             9.612
    -7.0             9.569
    -6.9             9.526
    -6.8             9.482
    -6.7             9.438
    -6.6             9.392
    -6.5             9.346
    -6.4             9.298
    -6.3             9.250
    -6.2             9.199
    -6.1             9.147
    -6.0             9.093
    -5.9             9.036
    -5.8             8.976
    -5.7             8.913
    -5.6             8.847
    -5.5             8.777
    -5.4             8.703
    -5.3             8.624
    -5.2             8.541
    -5.1             8.453
    -5.0             8.360
    -4.9             8.261
    -4.8             8.158
    -4.7             8.048
    -4.6             7.933
    -4.5             7.813
    -4.4             7.688
    -4.3             7.559
    -4.2             7.428
    -4.1             7.295
    -4.0             7.161
    -3.9             7.026
    -3.8             6.891
    -3.7             6.755
    -3.6             6.618
    -3.5             6.482
    -3.4             6.345
    -3.3             6.208
    -3.2             6.072
    -3.1             5.934
    -3.0             5.796
    -2.9             5.656
    -2.8             5.514
    -2.7             5.369
    -2.6             5.222
    -2.5             5.071
    -2.4             4.918
    -2.3             4.762
    -2.2             4.603
    -2.1             4.443
    -2.0             4.280
    -1.9             4.117
    -1.8             3.954
    -1.7             3.792
    -1.6             3.631
    -1.5             3.471
    -1.4             3.313
    -1.3             3.156
    -1.2             3.001
    -1.1             2.848
    -1.0             2.696
    -0.9             2.546
    -0.8             2.397
    -0.7             2.250
    -0.6             2.102
    -0.5             1.956
    -0.4             1.809
    -0.3             1.663
    -0.2             1.518
    -0.1             1.372
     0.0             1.226
     0.1             1.080
     0.2             0.934
     0.3             0.787
     0.4             0.639
     0.5             0.492
     0.6             0.343
     0.7             0.193
     0.8             0.042
     0.9            -0.111
     1.0            -0.266
     1.1            -0.424
     1.2            -0.586
     1.3            -0.756
     1.4            -0.938
     1.5            -1.139
     1.6            -1.328
     1.7            -1.586


 Wavelength (in microns) =   30.
 log S (in Jy)   log N(>S) (in galaxies/sr)
    -7.9            10.070
    -7.8            10.030
    -7.7             9.990
    -7.6             9.949
    -7.5             9.909
    -7.4             9.869
    -7.3             9.828
    -7.2             9.787
    -7.1             9.746
    -7.0             9.704
    -6.9             9.662
    -6.8             9.620
    -6.7             9.577
    -6.6             9.533
    -6.5             9.488
    -6.4             9.442
    -6.3             9.394
    -6.2             9.345
    -6.1             9.294
    -6.0             9.241
    -5.9             9.185
    -5.8             9.127
    -5.7             9.066
    -5.6             9.001
    -5.5             8.933
    -5.4             8.862
    -5.3             8.787
    -5.2             8.708
    -5.1             8.624
    -5.0             8.536
    -4.9             8.444
    -4.8             8.348
    -4.7             8.247
    -4.6             8.143
    -4.5             8.035
    -4.4             7.924
    -4.3             7.810
    -4.2             7.691
    -4.1             7.570
    -4.0             7.445
    -3.9             7.318
    -3.8             7.190
    -3.7             7.060
    -3.6             6.929
    -3.5             6.797
    -3.4             6.664
    -3.3             6.531
    -3.2             6.396
    -3.1             6.261
    -3.0             6.124
    -2.9             5.987
    -2.8             5.849
    -2.7             5.709
    -2.6             5.568
    -2.5             5.426
    -2.4             5.281
    -2.3             5.134
    -2.2             4.985
    -2.1             4.834
    -2.0             4.682
    -1.9             4.527
    -1.8             4.372
    -1.7             4.216
    -1.6             4.062
    -1.5             3.908
    -1.4             3.756
    -1.3             3.604
    -1.2             3.454
    -1.1             3.304
    -1.0             3.155
    -0.9             3.008
    -0.8             2.861
    -0.7             2.714
    -0.6             2.569
    -0.5             2.424
    -0.4             2.279
    -0.3             2.135
    -0.2             1.991
    -0.1             1.847
     0.0             1.704
     0.1             1.560
     0.2             1.416
     0.3             1.271
     0.4             1.126
     0.5             0.980
     0.6             0.833
     0.7             0.685
     0.8             0.536
     0.9             0.385
     1.0             0.231
     1.1             0.074
     1.2            -0.087
     1.3            -0.256
     1.4            -0.437
     1.5            -0.637
     1.6            -0.824
     1.7            -1.084


 Wavelength (in microns) =   40.
 log S (in Jy)   log N(>S) (in galaxies/sr)
    -7.9            10.116
    -7.8            10.077
    -7.7            10.037
    -7.6             9.997
    -7.5             9.957
    -7.4             9.917
    -7.3             9.877
    -7.2             9.836
    -7.1             9.795
    -7.0             9.754
    -6.9             9.712
    -6.8             9.669
    -6.7             9.626
    -6.6             9.581
    -6.5             9.535
    -6.4             9.489
    -6.3             9.440
    -6.2             9.390
    -6.1             9.339
    -6.0             9.286
    -5.9             9.231
    -5.8             9.174
    -5.7             9.115
    -5.6             9.054
    -5.5             8.990
    -5.4             8.923
    -5.3             8.854
    -5.2             8.781
    -5.1             8.705
    -5.0             8.626
    -4.9             8.544
    -4.8             8.458
    -4.7             8.369
    -4.6             8.277
    -4.5             8.181
    -4.4             8.081
    -4.3             7.978
    -4.2             7.870
    -4.1             7.760
    -4.0             7.645
    -3.9             7.527
    -3.8             7.407
    -3.7             7.284
    -3.6             7.160
    -3.5             7.034
    -3.4             6.906
    -3.3             6.778
    -3.2             6.649
    -3.1             6.520
    -3.0             6.389
    -2.9             6.259
    -2.8             6.127
    -2.7             5.995
    -2.6             5.861
    -2.5             5.727
    -2.4             5.592
    -2.3             5.456
    -2.2             5.318
    -2.1             5.177
    -2.0             5.034
    -1.9             4.888
    -1.8             4.740
    -1.7             4.591
    -1.6             4.441
    -1.5             4.291
    -1.4             4.141
    -1.3             3.991
    -1.2             3.843
    -1.1             3.697
    -1.0             3.551
    -0.9             3.406
    -0.8             3.263
    -0.7             3.120
    -0.6             2.977
    -0.5             2.835
    -0.4             2.693
    -0.3             2.552
    -0.2             2.410
    -0.1             2.269
     0.0             2.128
     0.1             1.987
     0.2             1.846
     0.3             1.704
     0.4             1.562
     0.5             1.419
     0.6             1.275
     0.7             1.130
     0.8             0.983
     0.9             0.834
     1.0             0.683
     1.1             0.528
     1.2             0.368
     1.3             0.200
     1.4             0.021
     1.5            -0.179
     1.6            -0.364
     1.7            -0.624


 Wavelength (in microns) =   60.
 log S (in Jy)   log N(>S) (in galaxies/sr)
    -7.9            10.136
    -7.8            10.097
    -7.7            10.058
    -7.6            10.019
    -7.5             9.980
    -7.4             9.941
    -7.3             9.900
    -7.2             9.860
    -7.1             9.819
    -7.0             9.777
    -6.9             9.734
    -6.8             9.691
    -6.7             9.647
    -6.6             9.602
    -6.5             9.556
    -6.4             9.510
    -6.3             9.463
    -6.2             9.416
    -6.1             9.368
    -6.0             9.319
    -5.9             9.270
    -5.8             9.220
    -5.7             9.169
    -5.6             9.116
    -5.5             9.062
    -5.4             9.006
    -5.3             8.949
    -5.2             8.889
    -5.1             8.828
    -5.0             8.764
    -4.9             8.697
    -4.8             8.628
    -4.7             8.556
    -4.6             8.481
    -4.5             8.403
    -4.4             8.322
    -4.3             8.238
    -4.2             8.151
    -4.1             8.060
    -4.0             7.965
    -3.9             7.867
    -3.8             7.765
    -3.7             7.659
    -3.6             7.551
    -3.5             7.439
    -3.4             7.326
    -3.3             7.210
    -3.2             7.093
    -3.1             6.975
    -3.0             6.856
    -2.9             6.736
    -2.8             6.615
    -2.7             6.494
    -2.6             6.371
    -2.5             6.248
    -2.4             6.124
    -2.3             6.000
    -2.2             5.874
    -2.1             5.748
    -2.0             5.620
    -1.9             5.491
    -1.8             5.361
    -1.7             5.228
    -1.6             5.093
    -1.5             4.956
    -1.4             4.817
    -1.3             4.676
    -1.2             4.534
    -1.1             4.392
    -1.0             4.250
    -0.9             4.108
    -0.8             3.966
    -0.7             3.825
    -0.6             3.683
    -0.5             3.541
    -0.4             3.400
    -0.3             3.258
    -0.2             3.116
    -0.1             2.974
     0.0             2.832
     0.1             2.689
     0.2             2.546
     0.3             2.402
     0.4             2.259
     0.5             2.115
     0.6             1.970
     0.7             1.824
     0.8             1.677
     0.9             1.528
     1.0             1.377
     1.1             1.222
     1.2             1.063
     1.3             0.896
     1.4             0.717
     1.5             0.518
     1.6             0.332
     1.7             0.073


 Wavelength (in microns) =   80.
 log S (in Jy)   log N(>S) (in galaxies/sr)
    -7.9            10.149
    -7.8            10.112
    -7.7            10.074
    -7.6            10.036
    -7.5             9.998
    -7.4             9.959
    -7.3             9.919
    -7.2             9.879
    -7.1             9.838
    -7.0             9.797
    -6.9             9.755
    -6.8             9.712
    -6.7             9.670
    -6.6             9.628
    -6.5             9.586
    -6.4             9.544
    -6.3             9.502
    -6.2             9.460
    -6.1             9.418
    -6.0             9.376
    -5.9             9.333
    -5.8             9.290
    -5.7             9.246
    -5.6             9.201
    -5.5             9.154
    -5.4             9.107
    -5.3             9.058
    -5.2             9.008
    -5.1             8.956
    -5.0             8.902
    -4.9             8.846
    -4.8             8.788
    -4.7             8.728
    -4.6             8.666
    -4.5             8.601
    -4.4             8.533
    -4.3             8.462
    -4.2             8.389
    -4.1             8.313
    -4.0             8.233
    -3.9             8.150
    -3.8             8.064
    -3.7             7.975
    -3.6             7.881
    -3.5             7.784
    -3.4             7.684
    -3.3             7.580
    -3.2             7.473
    -3.1             7.363
    -3.0             7.251
    -2.9             7.136
    -2.8             7.020
    -2.7             6.902
    -2.6             6.782
    -2.5             6.662
    -2.4             6.541
    -2.3             6.418
    -2.2             6.295
    -2.1             6.170
    -2.0             6.045
    -1.9             5.919
    -1.8             5.791
    -1.7             5.662
    -1.6             5.531
    -1.5             5.398
    -1.4             5.262
    -1.3             5.124
    -1.2             4.982
    -1.1             4.838
    -1.0             4.691
    -0.9             4.541
    -0.8             4.391
    -0.7             4.239
    -0.6             4.087
    -0.5             3.934
    -0.4             3.782
    -0.3             3.629
    -0.2             3.476
    -0.1             3.324
     0.0             3.171
     0.1             3.019
     0.2             2.867
     0.3             2.715
     0.4             2.564
     0.5             2.413
     0.6             2.261
     0.7             2.110
     0.8             1.958
     0.9             1.805
     1.0             1.650
     1.1             1.492
     1.2             1.330
     1.3             1.161
     1.4             0.980
     1.5             0.779
     1.6             0.592
     1.7             0.333


 Wavelength (in microns) =   90.
 log S (in Jy)   log N(>S) (in galaxies/sr)
    -7.9            10.163
    -7.8            10.127
    -7.7            10.089
    -7.6            10.052
    -7.5            10.014
    -7.4             9.975
    -7.3             9.935
    -7.2             9.895
    -7.1             9.855
    -7.0             9.814
    -6.9             9.773
    -6.8             9.732
    -6.7             9.691
    -6.6             9.651
    -6.5             9.611
    -6.4             9.571
    -6.3             9.532
    -6.2             9.492
    -6.1             9.453
    -6.0             9.413
    -5.9             9.373
    -5.8             9.332
    -5.7             9.290
    -5.6             9.248
    -5.5             9.204
    -5.4             9.159
    -5.3             9.113
    -5.2             9.066
    -5.1             9.017
    -5.0             8.967
    -4.9             8.915
    -4.8             8.861
    -4.7             8.805
    -4.6             8.747
    -4.5             8.686
    -4.4             8.623
    -4.3             8.558
    -4.2             8.489
    -4.1             8.418
    -4.0             8.344
    -3.9             8.266
    -3.8             8.186
    -3.7             8.101
    -3.6             8.013
    -3.5             7.921
    -3.4             7.826
    -3.3             7.726
    -3.2             7.623
    -3.1             7.517
    -3.0             7.407
    -2.9             7.294
    -2.8             7.178
    -2.7             7.061
    -2.6             6.941
    -2.5             6.820
    -2.4             6.698
    -2.3             6.575
    -2.2             6.450
    -2.1             6.325
    -2.0             6.199
    -1.9             6.072
    -1.8             5.943
    -1.7             5.813
    -1.6             5.682
    -1.5             5.548
    -1.4             5.413
    -1.3             5.274
    -1.2             5.133
    -1.1             4.988
    -1.0             4.839
    -0.9             4.687
    -0.8             4.532
    -0.7             4.375
    -0.6             4.217
    -0.5             4.058
    -0.4             3.899
    -0.3             3.739
    -0.2             3.580
    -0.1             3.421
     0.0             3.262
     0.1             3.104
     0.2             2.947
     0.3             2.790
     0.4             2.633
     0.5             2.478
     0.6             2.322
     0.7             2.167
     0.8             2.012
     0.9             1.855
     1.0             1.698
     1.1             1.538
     1.2             1.374
     1.3             1.204
     1.4             1.022
     1.5             0.820
     1.6             0.633
     1.7             0.371


 Wavelength (in microns) =  100.
 log S (in Jy)   log N(>S) (in galaxies/sr)
    -7.9            10.180
    -7.8            10.144
    -7.7            10.107
    -7.6            10.069
    -7.5            10.032
    -7.4             9.993
    -7.3             9.954
    -7.2             9.914
    -7.1             9.875
    -7.0             9.835
    -6.9             9.795
    -6.8             9.756
    -6.7             9.717
    -6.6             9.678
    -6.5             9.640
    -6.4             9.602
    -6.3             9.565
    -6.2             9.527
    -6.1             9.489
    -6.0             9.451
    -5.9             9.413
    -5.8             9.374
    -5.7             9.334
    -5.6             9.293
    -5.5             9.252
    -5.4             9.209
    -5.3             9.166
    -5.2             9.121
    -5.1             9.075
    -5.0             9.027
    -4.9             8.978
    -4.8             8.927
    -4.7             8.874
    -4.6             8.819
    -4.5             8.762
    -4.4             8.703
    -4.3             8.641
    -4.2             8.576
    -4.1             8.509
    -4.0             8.439
    -3.9             8.365
    -3.8             8.289
    -3.7             8.208
    -3.6             8.124
    -3.5             8.037
    -3.4             7.945
    -3.3             7.849
    -3.2             7.749
    -3.1             7.644
    -3.0             7.536
    -2.9             7.425
    -2.8             7.310
    -2.7             7.192
    -2.6             7.072
    -2.5             6.950
    -2.4             6.827
    -2.3             6.702
    -2.2             6.576
    -2.1             6.450
    -2.0             6.322
    -1.9             6.193
    -1.8             6.063
    -1.7             5.932
    -1.6             5.800
    -1.5             5.666
    -1.4             5.529
    -1.3             5.390
    -1.2             5.248
    -1.1             5.102
    -1.0             4.952
    -0.9             4.798
    -0.8             4.640
    -0.7             4.479
    -0.6             4.316
    -0.5             4.151
    -0.4             3.984
    -0.3             3.818
    -0.2             3.651
    -0.1             3.485
     0.0             3.320
     0.1             3.155
     0.2             2.991
     0.3             2.828
     0.4             2.667
     0.5             2.506
     0.6             2.347
     0.7             2.188
     0.8             2.030
     0.9             1.871
     1.0             1.711
     1.1             1.550
     1.2             1.384
     1.3             1.212
     1.4             1.030
     1.5             0.827
     1.6             0.639
     1.7             0.378


 Wavelength (in microns) =  150.
 log S (in Jy)   log N(>S) (in galaxies/sr)
    -7.9            10.279
    -7.8            10.244
    -7.7            10.208
    -7.6            10.172
    -7.5            10.136
    -7.4            10.100
    -7.3            10.063
    -7.2            10.027
    -7.1             9.991
    -7.0             9.956
    -6.9             9.921
    -6.8             9.887
    -6.7             9.853
    -6.6             9.819
    -6.5             9.785
    -6.4             9.752
    -6.3             9.718
    -6.2             9.685
    -6.1             9.651
    -6.0             9.617
    -5.9             9.583
    -5.8             9.548
    -5.7             9.512
    -5.6             9.477
    -5.5             9.440
    -5.4             9.403
    -5.3             9.365
    -5.2             9.326
    -5.1             9.286
    -5.0             9.246
    -4.9             9.204
    -4.8             9.160
    -4.7             9.116
    -4.6             9.070
    -4.5             9.022
    -4.4             8.972
    -4.3             8.919
    -4.2             8.864
    -4.1             8.807
    -4.0             8.746
    -3.9             8.682
    -3.8             8.615
    -3.7             8.543
    -3.6             8.468
    -3.5             8.389
    -3.4             8.305
    -3.3             8.217
    -3.2             8.124
    -3.1             8.025
    -3.0             7.921
    -2.9             7.811
    -2.8             7.697
    -2.7             7.577
    -2.6             7.454
    -2.5             7.326
    -2.4             7.196
    -2.3             7.064
    -2.2             6.931
    -2.1             6.797
    -2.0             6.662
    -1.9             6.526
    -1.8             6.389
    -1.7             6.250
    -1.6             6.110
    -1.5             5.968
    -1.4             5.823
    -1.3             5.676
    -1.2             5.526
    -1.1             5.373
    -1.0             5.216
    -0.9             5.054
    -0.8             4.886
    -0.7             4.713
    -0.6             4.533
    -0.5             4.348
    -0.4             4.158
    -0.3             3.964
    -0.2             3.767
    -0.1             3.570
     0.0             3.372
     0.1             3.177
     0.2             2.985
     0.3             2.795
     0.4             2.609
     0.5             2.426
     0.6             2.246
     0.7             2.068
     0.8             1.894
     0.9             1.720
     1.0             1.548
     1.1             1.375
     1.2             1.201
     1.3             1.022
     1.4             0.834
     1.5             0.628
     1.6             0.437
     1.7             0.174


 Wavelength (in microns) =  175.
 log S (in Jy)   log N(>S) (in galaxies/sr)
    -7.9            10.324
    -7.8            10.290
    -7.7            10.254
    -7.6            10.219
    -7.5            10.183
    -7.4            10.148
    -7.3            10.113
    -7.2            10.078
    -7.1            10.043
    -7.0            10.009
    -6.9             9.976
    -6.8             9.942
    -6.7             9.909
    -6.6             9.876
    -6.5             9.843
    -6.4             9.810
    -6.3             9.777
    -6.2             9.744
    -6.1             9.710
    -6.0             9.677
    -5.9             9.643
    -5.8             9.609
    -5.7             9.574
    -5.6             9.539
    -5.5             9.504
    -5.4             9.467
    -5.3             9.430
    -5.2             9.393
    -5.1             9.354
    -5.0             9.315
    -4.9             9.274
    -4.8             9.232
    -4.7             9.189
    -4.6             9.145
    -4.5             9.098
    -4.4             9.050
    -4.3             8.999
    -4.2             8.946
    -4.1             8.890
    -4.0             8.831
    -3.9             8.769
    -3.8             8.703
    -3.7             8.633
    -3.6             8.560
    -3.5             8.481
    -3.4             8.399
    -3.3             8.311
    -3.2             8.218
    -3.1             8.120
    -3.0             8.016
    -2.9             7.906
    -2.8             7.791
    -2.7             7.671
    -2.6             7.546
    -2.5             7.418
    -2.4             7.286
    -2.3             7.152
    -2.2             7.016
    -2.1             6.880
    -2.0             6.742
    -1.9             6.604
    -1.8             6.464
    -1.7             6.322
    -1.6             6.178
    -1.5             6.032
    -1.4             5.883
    -1.3             5.730
    -1.2             5.575
    -1.1             5.416
    -1.0             5.253
    -0.9             5.085
    -0.8             4.912
    -0.7             4.732
    -0.6             4.547
    -0.5             4.354
    -0.4             4.156
    -0.3             3.953
    -0.2             3.747
    -0.1             3.538
     0.0             3.330
     0.1             3.123
     0.2             2.920
     0.3             2.719
     0.4             2.523
     0.5             2.331
     0.6             2.142
     0.7             1.956
     0.8             1.773
     0.9             1.593
     1.0             1.414
     1.1             1.235
     1.2             1.056
     1.3             0.873
     1.4             0.683
     1.5             0.475
     1.6             0.282
     1.7             0.017


 Wavelength (in microns) =  200.
 log S (in Jy)   log N(>S) (in galaxies/sr)
    -7.9            10.363
    -7.8            10.328
    -7.7            10.293
    -7.6            10.258
    -7.5            10.224
    -7.4            10.189
    -7.3            10.155
    -7.2            10.121
    -7.1            10.087
    -7.0            10.054
    -6.9            10.021
    -6.8             9.988
    -6.7             9.955
    -6.6             9.922
    -6.5             9.889
    -6.4             9.856
    -6.3             9.823
    -6.2             9.790
    -6.1             9.757
    -6.0             9.724
    -5.9             9.690
    -5.8             9.657
    -5.7             9.622
    -5.6             9.588
    -5.5             9.552
    -5.4             9.517
    -5.3             9.480
    -5.2             9.443
    -5.1             9.405
    -5.0             9.366
    -4.9             9.326
    -4.8             9.285
    -4.7             9.243
    -4.6             9.199
    -4.5             9.153
    -4.4             9.106
    -4.3             9.056
    -4.2             9.003
    -4.1             8.948
    -4.0             8.890
    -3.9             8.828
    -3.8             8.763
    -3.7             8.694
    -3.6             8.620
    -3.5             8.542
    -3.4             8.459
    -3.3             8.371
    -3.2             8.278
    -3.1             8.180
    -3.0             8.075
    -2.9             7.965
    -2.8             7.850
    -2.7             7.729
    -2.6             7.604
    -2.5             7.475
    -2.4             7.343
    -2.3             7.208
    -2.2             7.072
    -2.1             6.934
    -2.0             6.795
    -1.9             6.654
    -1.8             6.512
    -1.7             6.367
    -1.6             6.220
    -1.5             6.070
    -1.4             5.916
    -1.3             5.758
    -1.2             5.597
    -1.1             5.431
    -1.0             5.261
    -0.9             5.087
    -0.8             4.907
    -0.7             4.721
    -0.6             4.528
    -0.5             4.329
    -0.4             4.124
    -0.3             3.914
    -0.2             3.699
    -0.1             3.481
     0.0             3.264
     0.1             3.048
     0.2             2.835
     0.3             2.626
     0.4             2.420
     0.5             2.218
     0.6             2.021
     0.7             1.827
     0.8             1.636
     0.9             1.448
     1.0             1.263
     1.1             1.078
     1.2             0.894
     1.3             0.708
     1.4             0.516
     1.5             0.306
     1.6             0.111
     1.7            -0.153


 Wavelength (in microns) =  250.
 log S (in Jy)   log N(>S) (in galaxies/sr)
    -7.9            10.421
    -7.8            10.387
    -7.7            10.352
    -7.6            10.318
    -7.5            10.285
    -7.4            10.251
    -7.3            10.218
    -7.2            10.185
    -7.1            10.152
    -7.0            10.120
    -6.9            10.087
    -6.8            10.054
    -6.7            10.022
    -6.6             9.989
    -6.5             9.956
    -6.4             9.923
    -6.3             9.890
    -6.2             9.857
    -6.1             9.824
    -6.0             9.791
    -5.9             9.757
    -5.8             9.723
    -5.7             9.689
    -5.6             9.654
    -5.5             9.619
    -5.4             9.583
    -5.3             9.547
    -5.2             9.510
    -5.1             9.472
    -5.0             9.434
    -4.9             9.394
    -4.8             9.353
    -4.7             9.311
    -4.6             9.267
    -4.5             9.221
    -4.4             9.173
    -4.3             9.123
    -4.2             9.070
    -4.1             9.014
    -4.0             8.955
    -3.9             8.893
    -3.8             8.826
    -3.7             8.756
    -3.6             8.681
    -3.5             8.602
    -3.4             8.517
    -3.3             8.428
    -3.2             8.333
    -3.1             8.234
    -3.0             8.128
    -2.9             8.018
    -2.8             7.902
    -2.7             7.782
    -2.6             7.658
    -2.5             7.530
    -2.4             7.400
    -2.3             7.266
    -2.2             7.129
    -2.1             6.990
    -2.0             6.848
    -1.9             6.704
    -1.8             6.557
    -1.7             6.407
    -1.6             6.253
    -1.5             6.095
    -1.4             5.933
    -1.3             5.765
    -1.2             5.592
    -1.1             5.414
    -1.0             5.231
    -0.9             5.042
    -0.8             4.847
    -0.7             4.646
    -0.6             4.439
    -0.5             4.226
    -0.4             4.007
    -0.3             3.783
    -0.2             3.556
    -0.1             3.327
     0.0             3.098
     0.1             2.869
     0.2             2.642
     0.3             2.417
     0.4             2.197
     0.5             1.981
     0.6             1.769
     0.7             1.561
     0.8             1.357
     0.9             1.157
     1.0             0.962
     1.1             0.771
     1.2             0.583
     1.3             0.395
     1.4             0.201
     1.5            -0.009
     1.6            -0.205
     1.7            -0.465


 Wavelength (in microns) =  300.
 log S (in Jy)   log N(>S) (in galaxies/sr)
    -7.9            10.459
    -7.8            10.425
    -7.7            10.392
    -7.6            10.358
    -7.5            10.325
    -7.4            10.293
    -7.3            10.260
    -7.2            10.227
    -7.1            10.195
    -7.0            10.162
    -6.9            10.130
    -6.8            10.097
    -6.7            10.064
    -6.6            10.031
    -6.5             9.998
    -6.4             9.965
    -6.3             9.932
    -6.2             9.899
    -6.1             9.865
    -6.0             9.831
    -5.9             9.797
    -5.8             9.763
    -5.7             9.728
    -5.6             9.693
    -5.5             9.658
    -5.4             9.622
    -5.3             9.586
    -5.2             9.548
    -5.1             9.510
    -5.0             9.471
    -4.9             9.431
    -4.8             9.390
    -4.7             9.346
    -4.6             9.301
    -4.5             9.254
    -4.4             9.205
    -4.3             9.153
    -4.2             9.098
    -4.1             9.040
    -4.0             8.979
    -3.9             8.913
    -3.8             8.844
    -3.7             8.771
    -3.6             8.693
    -3.5             8.611
    -3.4             8.525
    -3.3             8.433
    -3.2             8.337
    -3.1             8.235
    -3.0             8.129
    -2.9             8.018
    -2.8             7.903
    -2.7             7.785
    -2.6             7.663
    -2.5             7.538
    -2.4             7.410
    -2.3             7.278
    -2.2             7.142
    -2.1             7.002
    -2.0             6.859
    -1.9             6.711
    -1.8             6.560
    -1.7             6.404
    -1.6             6.243
    -1.5             6.078
    -1.4             5.907
    -1.3             5.730
    -1.2             5.547
    -1.1             5.358
    -1.0             5.163
    -0.9             4.960
    -0.8             4.752
    -0.7             4.537
    -0.6             4.315
    -0.5             4.088
    -0.4             3.856
    -0.3             3.623
    -0.2             3.387
    -0.1             3.149
     0.0             2.909
     0.1             2.669
     0.2             2.431
     0.3             2.196
     0.4             1.965
     0.5             1.736
     0.6             1.511
     0.7             1.291
     0.8             1.077
     0.9             0.872
     1.0             0.675
     1.1             0.485
     1.2             0.298
     1.3             0.111
     1.4            -0.083
     1.5            -0.290
     1.6            -0.483
     1.7            -0.740


 Wavelength (in microns) =  350.
 log S (in Jy)   log N(>S) (in galaxies/sr)
    -7.9            10.482
    -7.8            10.449
    -7.7            10.417
    -7.6            10.384
    -7.5            10.351
    -7.4            10.319
    -7.3            10.286
    -7.2            10.254
    -7.1            10.221
    -7.0            10.189
    -6.9            10.156
    -6.8            10.123
    -6.7            10.090
    -6.6            10.057
    -6.5            10.024
    -6.4             9.991
    -6.3             9.957
    -6.2             9.924
    -6.1             9.890
    -6.0             9.856
    -5.9             9.821
    -5.8             9.786
    -5.7             9.751
    -5.6             9.716
    -5.5             9.680
    -5.4             9.644
    -5.3             9.607
    -5.2             9.569
    -5.1             9.530
    -5.0             9.490
    -4.9             9.449
    -4.8             9.407
    -4.7             9.362
    -4.6             9.316
    -4.5             9.267
    -4.4             9.215
    -4.3             9.161
    -4.2             9.103
    -4.1             9.042
    -4.0             8.977
    -3.9             8.908
    -3.8             8.836
    -3.7             8.759
    -3.6             8.678
    -3.5             8.593
    -3.4             8.504
    -3.3             8.410
    -3.2             8.311
    -3.1             8.208
    -3.0             8.101
    -2.9             7.991
    -2.8             7.877
    -2.7             7.761
    -2.6             7.641
    -2.5             7.519
    -2.4             7.392
    -2.3             7.261
    -2.2             7.126
    -2.1             6.985
    -2.0             6.839
    -1.9             6.688
    -1.8             6.532
    -1.7             6.371
    -1.6             6.205
    -1.5             6.032
    -1.4             5.853
    -1.3             5.668
    -1.2             5.476
    -1.1             5.277
    -1.0             5.071
    -0.9             4.858
    -0.8             4.636
    -0.7             4.407
    -0.6             4.172
    -0.5             3.934
    -0.4             3.695
    -0.3             3.453
    -0.2             3.206
    -0.1             2.957
     0.0             2.708
     0.1             2.461
     0.2             2.214
     0.3             1.969
     0.4             1.725
     0.5             1.482
     0.6             1.244
     0.7             1.015
     0.8             0.797
     0.9             0.590
     1.0             0.392
     1.1             0.200
     1.2             0.013
     1.3            -0.172
     1.4            -0.361
     1.5            -0.565
     1.6            -0.753
     1.7            -1.017


 Wavelength (in microns) =  400.
 log S (in Jy)   log N(>S) (in galaxies/sr)
    -7.9            10.496
    -7.8            10.463
    -7.7            10.431
    -7.6            10.399
    -7.5            10.367
    -7.4            10.334
    -7.3            10.302
    -7.2            10.270
    -7.1            10.237
    -7.0            10.204
    -6.9            10.172
    -6.8            10.139
    -6.7            10.105
    -6.6            10.072
    -6.5            10.039
    -6.4            10.005
    -6.3             9.971
    -6.2             9.937
    -6.1             9.903
    -6.0             9.868
    -5.9             9.834
    -5.8             9.798
    -5.7             9.763
    -5.6             9.727
    -5.5             9.691
    -5.4             9.654
    -5.3             9.616
    -5.2             9.577
    -5.1             9.538
    -5.0             9.497
    -4.9             9.455
    -4.8             9.411
    -4.7             9.365
    -4.6             9.316
    -4.5             9.265
    -4.4             9.211
    -4.3             9.153
    -4.2             9.092
    -4.1             9.027
    -4.0             8.959
    -3.9             8.887
    -3.8             8.811
    -3.7             8.731
    -3.6             8.646
    -3.5             8.558
    -3.4             8.466
    -3.3             8.369
    -3.2             8.269
    -3.1             8.165
    -3.0             8.058
    -2.9             7.948
    -2.8             7.836
    -2.7             7.721
    -2.6             7.604
    -2.5             7.483
    -2.4             7.357
    -2.3             7.226
    -2.2             7.089
    -2.1             6.946
    -2.0             6.798
    -1.9             6.644
    -1.8             6.484
    -1.7             6.318
    -1.6             6.146
    -1.5             5.967
    -1.4             5.780
    -1.3             5.587
    -1.2             5.387
    -1.1             5.181
    -1.0             4.965
    -0.9             4.739
    -0.8             4.505
    -0.7             4.265
    -0.6             4.023
    -0.5             3.779
    -0.4             3.531
    -0.3             3.277
    -0.2             3.019
    -0.1             2.762
     0.0             2.507
     0.1             2.252
     0.2             1.995
     0.3             1.736
     0.4             1.477
     0.5             1.223
     0.6             0.979
     0.7             0.748
     0.8             0.528
     0.9             0.319
     1.0             0.119
     1.1            -0.072
     1.2            -0.254
     1.3            -0.432
     1.4            -0.617
     1.5            -0.820
     1.6            -1.012
     1.7            -1.267


 Wavelength (in microns) =  450.
 log S (in Jy)   log N(>S) (in galaxies/sr)
    -7.9            10.503
    -7.8            10.470
    -7.7            10.438
    -7.6            10.406
    -7.5            10.374
    -7.4            10.342
    -7.3            10.310
    -7.2            10.277
    -7.1            10.245
    -7.0            10.212
    -6.9            10.179
    -6.8            10.146
    -6.7            10.113
    -6.6            10.079
    -6.5            10.045
    -6.4            10.012
    -6.3             9.978
    -6.2             9.943
    -6.1             9.908
    -6.0             9.874
    -5.9             9.838
    -5.8             9.803
    -5.7             9.767
    -5.6             9.730
    -5.5             9.693
    -5.4             9.656
    -5.3             9.617
    -5.2             9.578
    -5.1             9.538
    -5.0             9.496
    -4.9             9.452
    -4.8             9.406
    -4.7             9.358
    -4.6             9.307
    -4.5             9.253
    -4.4             9.196
    -4.3             9.135
    -4.2             9.070
    -4.1             9.002
    -4.0             8.931
    -3.9             8.855
    -3.8             8.775
    -3.7             8.692
    -3.6             8.605
    -3.5             8.513
    -3.4             8.418
    -3.3             8.320
    -3.2             8.218
    -3.1             8.112
    -3.0             8.005
    -2.9             7.897
    -2.8             7.786
    -2.7             7.673
    -2.6             7.556
    -2.5             7.435
    -2.4             7.309
    -2.3             7.176
    -2.2             7.038
    -2.1             6.893
    -2.0             6.741
    -1.9             6.584
    -1.8             6.421
    -1.7             6.250
    -1.6             6.072
    -1.5             5.885
    -1.4             5.692
    -1.3             5.493
    -1.2             5.287
    -1.1             5.072
    -1.0             4.844
    -0.9             4.607
    -0.8             4.365
    -0.7             4.120
    -0.6             3.874
    -0.5             3.622
    -0.4             3.361
    -0.3             3.095
    -0.2             2.831
    -0.1             2.570
     0.0             2.309
     0.1             2.044
     0.2             1.772
     0.3             1.500
     0.4             1.234
     0.5             0.978
     0.6             0.735
     0.7             0.503
     0.8             0.281
     0.9             0.069
     1.0            -0.128
     1.1            -0.309
     1.2            -0.480
     1.3            -0.652
     1.4            -0.836
     1.5            -1.040
     1.6            -1.233
     1.7            -1.496


 Wavelength (in microns) =  550.
 log S (in Jy)   log N(>S) (in galaxies/sr)
    -7.9            10.503
    -7.8            10.471
    -7.7            10.439
    -7.6            10.406
    -7.5            10.374
    -7.4            10.342
    -7.3            10.309
    -7.2            10.276
    -7.1            10.244
    -7.0            10.211
    -6.9            10.178
    -6.8            10.145
    -6.7            10.111
    -6.6            10.077
    -6.5            10.043
    -6.4            10.009
    -6.3             9.974
    -6.2             9.939
    -6.1             9.904
    -6.0             9.869
    -5.9             9.833
    -5.8             9.796
    -5.7             9.759
    -5.6             9.722
    -5.5             9.684
    -5.4             9.645
    -5.3             9.605
    -5.2             9.564
    -5.1             9.521
    -5.0             9.476
    -4.9             9.428
    -4.8             9.378
    -4.7             9.324
    -4.6             9.268
    -4.5             9.208
    -4.4             9.144
    -4.3             9.077
    -4.2             9.007
    -4.1             8.932
    -4.0             8.854
    -3.9             8.772
    -3.8             8.686
    -3.7             8.596
    -3.6             8.503
    -3.5             8.407
    -3.4             8.307
    -3.3             8.204
    -3.2             8.100
    -3.1             7.996
    -3.0             7.891
    -2.9             7.784
    -2.8             7.675
    -2.7             7.562
    -2.6             7.444
    -2.5             7.320
    -2.4             7.190
    -2.3             7.052
    -2.2             6.908
    -2.1             6.757
    -2.0             6.601
    -1.9             6.438
    -1.8             6.265
    -1.7             6.083
    -1.6             5.891
    -1.5             5.696
    -1.4             5.495
    -1.3             5.285
    -1.2             5.061
    -1.1             4.822
    -1.0             4.577
    -0.9             4.332
    -0.8             4.084
    -0.7             3.831
    -0.6             3.566
    -0.5             3.289
    -0.4             3.014
    -0.3             2.741
    -0.2             2.471
    -0.1             2.198
     0.0             1.910
     0.1             1.619
     0.2             1.334
     0.3             1.058
     0.4             0.794
     0.5             0.541
     0.6             0.293
     0.7             0.056
     0.8            -0.163
     0.9            -0.356
     1.0            -0.523
     1.1            -0.684
     1.2            -0.849
     1.3            -1.020
     1.4            -1.202
     1.5            -1.404
     1.6            -1.590
     1.7            -1.851


 Wavelength (in microns) =  650.
 log S (in Jy)   log N(>S) (in galaxies/sr)
    -7.9            10.492
    -7.8            10.460
    -7.7            10.427
    -7.6            10.394
    -7.5            10.362
    -7.4            10.329
    -7.3            10.296
    -7.2            10.263
    -7.1            10.230
    -7.0            10.197
    -6.9            10.164
    -6.8            10.131
    -6.7            10.097
    -6.6            10.063
    -6.5            10.029
    -6.4             9.994
    -6.3             9.959
    -6.2             9.924
    -6.1             9.888
    -6.0             9.852
    -5.9             9.815
    -5.8             9.778
    -5.7             9.740
    -5.6             9.702
    -5.5             9.662
    -5.4             9.622
    -5.3             9.580
    -5.2             9.536
    -5.1             9.490
    -5.0             9.440
    -4.9             9.388
    -4.8             9.332
    -4.7             9.273
    -4.6             9.211
    -4.5             9.145
    -4.4             9.076
    -4.3             9.003
    -4.2             8.927
    -4.1             8.847
    -4.0             8.763
    -3.9             8.675
    -3.8             8.583
    -3.7             8.489
    -3.6             8.391
    -3.5             8.290
    -3.4             8.187
    -3.3             8.084
    -3.2             7.981
    -3.1             7.877
    -3.0             7.773
    -2.9             7.666
    -2.8             7.554
    -2.7             7.437
    -2.6             7.315
    -2.5             7.186
    -2.4             7.049
    -2.3             6.905
    -2.2             6.755
    -2.1             6.600
    -2.0             6.437
    -1.9             6.264
    -1.8             6.078
    -1.7             5.885
    -1.6             5.689
    -1.5             5.487
    -1.4             5.275
    -1.3             5.044
    -1.2             4.798
    -1.1             4.551
    -1.0             4.304
    -0.9             4.054
    -0.8             3.795
    -0.7             3.516
    -0.6             3.232
    -0.5             2.951
    -0.4             2.672
    -0.3             2.394
    -0.2             2.104
    -0.1             1.800
     0.0             1.498
     0.1             1.203
     0.2             0.918
     0.3             0.647
     0.4             0.374
     0.5             0.107
     0.6            -0.142
     0.7            -0.364
     0.8            -0.546
     0.9            -0.701
     1.0            -0.858
     1.1            -1.018
     1.2            -1.182
     1.3            -1.353
     1.4            -1.537
     1.5            -1.742
     1.6            -1.934
     1.7            -2.204


 Wavelength (in microns) =  750.
 log S (in Jy)   log N(>S) (in galaxies/sr)
    -7.9            10.475
    -7.8            10.442
    -7.7            10.409
    -7.6            10.376
    -7.5            10.343
    -7.4            10.310
    -7.3            10.277
    -7.2            10.244
    -7.1            10.211
    -7.0            10.177
    -6.9            10.144
    -6.8            10.110
    -6.7            10.076
    -6.6            10.042
    -6.5            10.007
    -6.4             9.972
    -6.3             9.937
    -6.2             9.901
    -6.1             9.865
    -6.0             9.828
    -5.9             9.791
    -5.8             9.753
    -5.7             9.714
    -5.6             9.675
    -5.5             9.634
    -5.4             9.592
    -5.3             9.547
    -5.2             9.499
    -5.1             9.448
    -5.0             9.394
    -4.9             9.336
    -4.8             9.275
    -4.7             9.211
    -4.6             9.144
    -4.5             9.073
    -4.4             8.999
    -4.3             8.921
    -4.2             8.840
    -4.1             8.754
    -4.0             8.665
    -3.9             8.572
    -3.8             8.476
    -3.7             8.377
    -3.6             8.275
    -3.5             8.171
    -3.4             8.069
    -3.3             7.967
    -3.2             7.864
    -3.1             7.762
    -3.0             7.656
    -2.9             7.545
    -2.8             7.429
    -2.7             7.308
    -2.6             7.180
    -2.5             7.043
    -2.4             6.899
    -2.3             6.751
    -2.2             6.596
    -2.1             6.434
    -2.0             6.260
    -1.9             6.073
    -1.8             5.881
    -1.7             5.685
    -1.6             5.482
    -1.5             5.269
    -1.4             5.035
    -1.3             4.787
    -1.2             4.539
    -1.1             4.290
    -1.0             4.039
    -0.9             3.776
    -0.8             3.488
    -0.7             3.201
    -0.6             2.915
    -0.5             2.631
    -0.4             2.347
    -0.3             2.042
    -0.2             1.731
    -0.1             1.422
     0.0             1.118
     0.1             0.826
     0.2             0.545
     0.3             0.258
     0.4            -0.019
     0.5            -0.276
     0.6            -0.499
     0.7            -0.671
     0.8            -0.825
     0.9            -0.981
     1.0            -1.138
     1.1            -1.298
     1.2            -1.463
     1.3            -1.635
     1.4            -1.819
     1.5            -2.022
     1.6            -2.210
     1.7            -2.470


 Wavelength (in microns) =  850.
 log S (in Jy)   log N(>S) (in galaxies/sr)
    -7.9            10.453
    -7.8            10.420
    -7.7            10.387
    -7.6            10.354
    -7.5            10.321
    -7.4            10.287
    -7.3            10.254
    -7.2            10.221
    -7.1            10.188
    -7.0            10.154
    -6.9            10.120
    -6.8            10.086
    -6.7            10.052
    -6.6            10.017
    -6.5             9.982
    -6.4             9.947
    -6.3             9.911
    -6.2             9.875
    -6.1             9.838
    -6.0             9.801
    -5.9             9.763
    -5.8             9.724
    -5.7             9.685
    -5.6             9.644
    -5.5             9.601
    -5.4             9.555
    -5.3             9.507
    -5.2             9.454
    -5.1             9.399
    -5.0             9.340
    -4.9             9.278
    -4.8             9.212
    -4.7             9.143
    -4.6             9.071
    -4.5             8.995
    -4.4             8.916
    -4.3             8.834
    -4.2             8.748
    -4.1             8.657
    -4.0             8.564
    -3.9             8.467
    -3.8             8.367
    -3.7             8.263
    -3.6             8.160
    -3.5             8.057
    -3.4             7.956
    -3.3             7.854
    -3.2             7.752
    -3.1             7.646
    -3.0             7.536
    -2.9             7.421
    -2.8             7.301
    -2.7             7.173
    -2.6             7.037
    -2.5             6.893
    -2.4             6.745
    -2.3             6.592
    -2.2             6.430
    -2.1             6.257
    -2.0             6.070
    -1.9             5.877
    -1.8             5.681
    -1.7             5.479
    -1.6             5.265
    -1.5             5.029
    -1.4             4.781
    -1.3             4.533
    -1.2             4.283
    -1.1             4.030
    -1.0             3.765
    -0.9             3.475
    -0.8             3.184
    -0.7             2.895
    -0.6             2.606
    -0.5             2.316
    -0.4             2.005
    -0.3             1.688
    -0.2             1.373
    -0.1             1.062
     0.0             0.761
     0.1             0.466
     0.2             0.169
     0.3            -0.117
     0.4            -0.381
     0.5            -0.603
     0.6            -0.770
     0.7            -0.923
     0.8            -1.077
     0.9            -1.232
     1.0            -1.389
     1.1            -1.550
     1.2            -1.716
     1.3            -1.888
     1.4            -2.070
     1.5            -2.274
     1.6            -2.458
     1.7            -2.728


 Wavelength (in microns) = 1000.
 log S (in Jy)   log N(>S) (in galaxies/sr)
    -7.9            10.418
    -7.8            10.385
    -7.7            10.351
    -7.6            10.318
    -7.5            10.284
    -7.4            10.251
    -7.3            10.217
    -7.2            10.184
    -7.1            10.150
    -7.0            10.116
    -6.9            10.082
    -6.8            10.047
    -6.7            10.012
    -6.6             9.977
    -6.5             9.942
    -6.4             9.906
    -6.3             9.869
    -6.2             9.832
    -6.1             9.794
    -6.0             9.756
    -5.9             9.717
    -5.8             9.677
    -5.7             9.636
    -5.6             9.591
    -5.5             9.543
    -5.4             9.492
    -5.3             9.437
    -5.2             9.378
    -5.1             9.316
    -5.0             9.251
    -4.9             9.182
    -4.8             9.110
    -4.7             9.035
    -4.6             8.956
    -4.5             8.875
    -4.4             8.790
    -4.3             8.700
    -4.2             8.607
    -4.1             8.511
    -4.0             8.412
    -3.9             8.309
    -3.8             8.205
    -3.7             8.102
    -3.6             8.000
    -3.5             7.898
    -3.4             7.797
    -3.3             7.694
    -3.2             7.587
    -3.1             7.475
    -3.0             7.359
    -2.9             7.236
    -2.8             7.106
    -2.7             6.967
    -2.6             6.822
    -2.5             6.673
    -2.4             6.517
    -2.3             6.351
    -2.2             6.173
    -2.1             5.983
    -2.0             5.789
    -1.9             5.591
    -1.8             5.384
    -1.7             5.163
    -1.6             4.920
    -1.5             4.671
    -1.4             4.422
    -1.3             4.170
    -1.2             3.912
    -1.1             3.635
    -1.0             3.341
    -0.9             3.048
    -0.8             2.754
    -0.7             2.459
    -0.6             2.157
    -0.5             1.834
    -0.4             1.511
    -0.3             1.188
    -0.2             0.869
    -0.1             0.553
     0.0             0.237
     0.1            -0.073
     0.2            -0.363
     0.3            -0.619
     0.4            -0.820
     0.5            -0.976
     0.6            -1.128
     0.7            -1.281
     0.8            -1.435
     0.9            -1.592
     1.0            -1.750
     1.1            -1.909
     1.2            -2.073
     1.3            -2.243
     1.4            -2.421
     1.5            -2.619
     1.6            -2.804
     1.7            -3.059


 Wavelength (in microns) = 1380.
 log S (in Jy)   log N(>S) (in galaxies/sr)
    -7.9            10.326
    -7.8            10.292
    -7.7            10.258
    -7.6            10.224
    -7.5            10.190
    -7.4            10.156
    -7.3            10.122
    -7.2            10.087
    -7.1            10.053
    -7.0            10.018
    -6.9             9.983
    -6.8             9.947
    -6.7             9.911
    -6.6             9.874
    -6.5             9.837
    -6.4             9.799
    -6.3             9.761
    -6.2             9.721
    -6.1             9.681
    -6.0             9.639
    -5.9             9.593
    -5.8             9.543
    -5.7             9.489
    -5.6             9.431
    -5.5             9.368
    -5.4             9.303
    -5.3             9.234
    -5.2             9.162
    -5.1             9.087
    -5.0             9.009
    -4.9             8.928
    -4.8             8.843
    -4.7             8.755
    -4.6             8.663
    -4.5             8.567
    -4.4             8.468
    -4.3             8.366
    -4.2             8.262
    -4.1             8.158
    -4.0             8.055
    -3.9             7.952
    -3.8             7.851
    -3.7             7.749
    -3.6             7.645
    -3.5             7.538
    -3.4             7.426
    -3.3             7.309
    -3.2             7.185
    -3.1             7.053
    -3.0             6.914
    -2.9             6.769
    -2.8             6.619
    -2.7             6.462
    -2.6             6.295
    -2.5             6.115
    -2.4             5.926
    -2.3             5.731
    -2.2             5.532
    -2.1             5.323
    -2.0             5.100
    -1.9             4.860
    -1.8             4.610
    -1.7             4.359
    -1.6             4.105
    -1.5             3.843
    -1.4             3.565
    -1.3             3.269
    -1.2             2.970
    -1.1             2.669
    -1.0             2.365
    -0.9             2.054
    -0.8             1.728
    -0.7             1.397
    -0.6             1.064
    -0.5             0.728
    -0.4             0.394
    -0.3             0.070
    -0.2            -0.239
    -0.1            -0.522
     0.0            -0.767
     0.1            -0.961
     0.2            -1.119
     0.3            -1.271
     0.4            -1.422
     0.5            -1.575
     0.6            -1.728
     0.7            -1.881
     0.8            -2.035
     0.9            -2.192
     1.0            -2.349
     1.1            -2.512
     1.2            -2.684
     1.3            -2.869
     1.4            -3.070
     1.5            -3.298
     1.6            -3.515
     1.7            -3.807


 Wavelength (in microns) = 2000.
 log S (in Jy)   log N(>S) (in galaxies/sr)
    -7.9            10.191
    -7.8            10.157
    -7.7            10.122
    -7.6            10.088
    -7.5            10.053
    -7.4            10.018
    -7.3             9.982
    -7.2             9.946
    -7.1             9.910
    -7.0             9.873
    -6.9             9.836
    -6.8             9.798
    -6.7             9.759
    -6.6             9.719
    -6.5             9.678
    -6.4             9.634
    -6.3             9.587
    -6.2             9.536
    -6.1             9.480
    -6.0             9.419
    -5.9             9.355
    -5.8             9.287
    -5.7             9.215
    -5.6             9.140
    -5.5             9.063
    -5.4             8.982
    -5.3             8.898
    -5.2             8.810
    -5.1             8.719
    -5.0             8.624
    -4.9             8.526
    -4.8             8.425
    -4.7             8.321
    -4.6             8.216
    -4.5             8.111
    -4.4             8.007
    -4.3             7.903
    -4.2             7.801
    -4.1             7.697
    -4.0             7.592
    -3.9             7.483
    -3.8             7.370
    -3.7             7.251
    -3.6             7.125
    -3.5             6.991
    -3.4             6.851
    -3.3             6.706
    -3.2             6.555
    -3.1             6.395
    -3.0             6.226
    -2.9             6.045
    -2.8             5.855
    -2.7             5.660
    -2.6             5.459
    -2.5             5.248
    -2.4             5.023
    -2.3             4.784
    -2.2             4.534
    -2.1             4.282
    -2.0             4.026
    -1.9             3.761
    -1.8             3.482
    -1.7             3.187
    -1.6             2.884
    -1.5             2.579
    -1.4             2.271
    -1.3             1.955
    -1.2             1.629
    -1.1             1.296
    -1.0             0.960
    -0.9             0.626
    -0.8             0.303
    -0.7             0.003
    -0.6            -0.272
    -0.5            -0.520
    -0.4            -0.733
    -0.3            -0.911
    -0.2            -1.069
    -0.1            -1.221
     0.0            -1.372
     0.1            -1.524
     0.2            -1.675
     0.3            -1.826
     0.4            -1.979
     0.5            -2.133
     0.6            -2.287
     0.7            -2.443
     0.8            -2.604
     0.9            -2.770
     1.0            -2.943
     1.1            -3.120
     1.2            -3.301
     1.3            -3.486
     1.4            -3.680
     1.5            -3.888
     1.6            -4.084
     1.7            -4.350
