 TEMPERATURE=  0.11E+08 BINMIN,   BINSYZ=    1.0    2.5 ABUNJ 11.20  8.50  7.90  8.76  8.00  7.67  7.58  7.19  6.47  6.41  7.57  6.29
   0.801E-02   0.709E-02   0.662E-02   0.629E-02   0.606E-02   0.589E-02   0.566E-02   0.555E-02   0.536E-02   0.579E-02
   0.513E-02   0.569E-02   0.520E-02   0.535E-02   0.519E-02   0.475E-02   0.505E-02   0.456E-02   0.472E-02   0.447E-02
   0.439E-02   0.468E-02   0.855E-02   0.431E-02   0.428E-02   0.514E-02   0.431E-02   0.414E-02   0.409E-02   0.406E-02
   0.402E-02   0.403E-02   0.395E-02   0.391E-02   0.323E-01   0.385E-02   0.150E+00   0.379E-02   0.376E-02   0.573E-02
   0.510E-02   0.106E+00   0.365E-02   0.362E-02   0.360E-02   0.272E-01   0.728E-02   0.369E-01   0.100E+00   0.772E-02
   0.490E-02   0.449E-02   0.341E-02   0.548E-02   0.336E-02   0.336E-02   0.332E-02   0.330E-02   0.328E-02   0.326E-02
   0.325E-02   0.323E-02   0.322E-02   0.319E-02   0.317E-02   0.315E-02   0.314E-02   0.312E-02   0.310E-02   0.308E-02
   0.307E-02   0.305E-02   0.303E-02   0.302E-02   0.303E-02   0.357E-02   0.297E-02   0.299E-02   0.314E-02   0.292E-02
   0.291E-02   0.290E-02   0.288E-02   0.286E-02   0.285E-02   0.303E-02   0.282E-02   0.281E-02   0.279E-02   0.278E-02
   0.282E-02   0.275E-02   0.274E-02   0.281E-02   0.273E-02   0.270E-02   0.273E-02   0.270E-02   0.266E-02   0.265E-02
   0.267E-02   0.263E-02   0.261E-02   0.260E-02   0.263E-02   0.258E-02   0.265E-02   0.255E-02   0.373E-02   0.253E-02
   0.252E-02   0.251E-02   0.431E-02   0.249E-02   0.247E-02   0.247E-02   0.245E-02   0.244E-02   0.243E-02   0.242E-02
   0.390E-02   0.240E-02   0.239E-02   0.239E-02   0.240E-02   0.236E-02   0.235E-02   0.234E-02   0.233E-02   0.232E-02
   0.231E-02   0.242E-02   0.237E-02   0.233E-02   0.229E-02   0.226E-02   0.226E-02   0.225E-02   0.224E-02   0.223E-02
   0.222E-02   0.221E-02   0.220E-02   0.219E-02   0.218E-02   0.229E-02   0.740E-02   0.239E-02   0.241E-02   0.214E-02
   0.249E-02   0.212E-02   0.446E-02   0.212E-02   0.212E-02   0.209E-02   0.208E-02   0.207E-02   0.207E-02   0.265E-02
   0.205E-02   0.204E-02   0.389E-02   0.203E-02   0.202E-02   0.201E-02   0.202E-02   0.201E-02   0.202E-02   0.198E-02
   0.198E-02   0.200E-02   0.196E-02   0.311E-02   0.195E-02   0.194E-02   0.193E-02   0.213E-02   0.192E-02   0.191E-02
   0.205E-02   0.190E-02   0.189E-02   0.227E-02   0.187E-02   0.187E-02   0.186E-02   0.213E-02   0.185E-02   0.184E-02
   0.183E-02   0.186E-02   0.182E-02   0.183E-02   0.181E-02   0.181E-02   0.180E-02   0.188E-02   0.180E-02   0.491E-02
   0.178E-02   0.181E-02   0.200E-02   0.176E-02   0.223E-02   0.174E-02   0.174E-02   0.173E-02   0.173E-02   0.239E-02
   0.171E-02   0.170E-02   0.170E-02   0.169E-02   0.239E-02   0.168E-02   0.167E-02   0.168E-02   0.166E-02   0.166E-02
   0.165E-02   0.164E-02   0.164E-02   0.163E-02   0.220E-02   0.180E-02   0.161E-02   0.175E-02   0.160E-02   0.269E-02
   0.158E-02   0.201E-02   0.157E-02   0.157E-02   0.156E-02   0.155E-02   0.217E-02   0.154E-02   0.153E-02   0.153E-02
   0.152E-02   0.152E-02   0.159E-02   0.150E-02   0.150E-02   0.208E-02   0.148E-02   0.148E-02   0.151E-02   0.168E-02
   0.177E-02   0.279E-02   0.145E-02   0.164E-02   0.143E-02   0.159E-02   0.142E-02   0.141E-02   0.141E-02   0.140E-02
   0.139E-02   0.503E-01   0.139E-02   0.142E-02   0.138E-02   0.269E-02   0.137E-02   0.137E-02   0.136E-02   0.136E-02
   0.135E-02   0.135E-02   0.134E-02   0.134E-02   0.134E-02   0.133E-02   0.133E-02   0.132E-02   0.149E-02   0.131E-02
   0.131E-02   0.131E-02   0.130E-02   0.133E-02   0.129E-02   0.129E-02   0.128E-02   0.128E-02   0.128E-02   0.128E-02
   0.434E-02   0.126E-02   0.126E-02   0.126E-02   0.125E-02   0.299E-02   0.124E-02   0.124E-02   0.592E-02   0.123E-02
   0.123E-02   0.122E-02   0.122E-02   0.122E-02   0.121E-02   0.465E-02   0.121E-02   0.120E-02   0.120E-02   0.105E-01
   0.119E-02   0.273E-01   0.118E-02   0.118E-02   0.118E-02   0.117E-02   0.117E-02   0.129E-02   0.116E-02   0.116E-02
   0.128E-02   0.122E-01   0.114E-02   0.114E-02   0.240E-02   0.377E-02   0.439E-02   0.335E-01   0.195E-01   0.112E-02
   0.542E-02   0.111E-02   0.125E-02   0.110E-02   0.352E-02   0.110E-02   0.932E-02   0.276E-02   0.109E-02   0.123E-02
   0.623E-02   0.108E-02   0.107E-02   0.107E-02   0.176E-01   0.106E-02   0.106E-02   0.105E-02   0.112E-02   0.284E-01
   0.111E-02   0.156E-02   0.110E-02   0.272E-02   0.109E-02   0.109E-02   0.109E-02   0.108E-02   0.665E-02   0.189E-02
   0.107E-02   0.310E-01   0.107E-02   0.106E-02   0.287E-01   0.148E-02   0.147E-01   0.105E-02   0.418E-02   0.486E-02
   0.104E-02   0.103E-02   0.103E-02   0.282E-01   0.110E-01   0.102E-02   0.102E-02   0.101E-02   0.134E-01   0.101E-02
   0.100E-02   0.100E-02   0.133E-01   0.994E-03   0.432E-01   0.987E-03   0.564E-01   0.122E-02   0.977E-03   0.974E-03
   0.970E-03   0.813E-02   0.964E-03   0.960E-03   0.957E-03   0.954E-03   0.482E-02   0.947E-03   0.379E-02   0.179E-01
   0.774E-01   0.934E-03   0.189E-01   0.928E-03   0.191E-02   0.188E-01   0.918E-03   0.150E-02   0.323E-01   0.909E-03
   0.906E-03   0.904E-03   0.167E-01   0.676E-02   0.895E-03   0.893E-03   0.890E-03   0.646E-01   0.268E-02   0.301E-01
   0.879E-03   0.877E-03   0.874E-03   0.327E-02   0.869E-03   0.866E-03   0.864E-03   0.861E-03   0.166E-02   0.174E-02
   0.853E-03   0.851E-03   0.716E-02   0.845E-03   0.843E-03   0.615E-02   0.966E-02   0.835E-03   0.833E-03   0.830E-03
   0.828E-03   0.825E-03   0.823E-03   0.820E-03   0.818E-03   0.815E-03   0.106E-02   0.810E-03   0.808E-03   0.124E-01
   0.201E-01   0.800E-03   0.798E-03   0.796E-03   0.793E-03   0.791E-03   0.788E-03   0.786E-03   0.150E-01   0.781E-03
   0.779E-03   0.776E-03   0.774E-03   0.281E-02   0.769E-03   0.954E-02   0.765E-03   0.154E-02   0.760E-03   0.757E-03
   0.755E-03   0.753E-03   0.750E-03   0.748E-03   0.746E-03   0.753E-03   0.364E-02   0.739E-03   0.737E-03   0.734E-03
   0.732E-03   0.139E-01   0.728E-03   0.592E-02   0.723E-03   0.724E-03   0.718E-03   0.716E-03   0.714E-03   0.712E-03
   0.139E-02   0.707E-03   0.705E-03   0.703E-03   0.701E-03   0.285E-02   0.696E-03   0.694E-03   0.692E-03   0.690E-03
   0.687E-03   0.685E-03   0.683E-03   0.163E-02   0.679E-03   0.186E-01   0.674E-03   0.672E-03   0.816E-03   0.668E-03
   0.251E-02   0.664E-03   0.661E-03   0.550E-02   0.657E-03   0.655E-03   0.415E-02   0.651E-03   0.649E-03   0.646E-03
   0.699E-03   0.743E-02   0.202E-02   0.638E-03   0.636E-03   0.634E-03   0.632E-03   0.630E-03   0.804E-03   0.625E-03
   0.623E-03   0.726E-02   0.150E-02   0.618E-03   0.615E-03   0.127E-02   0.277E-02   0.609E-03   0.360E-02   0.605E-03
   0.131E-01   0.601E-03   0.599E-03   0.597E-03   0.621E-03   0.619E-03   0.617E-03   0.615E-03   0.613E-03   0.611E-03
   0.889E-03   0.102E-01   0.605E-03   0.603E-03   0.601E-03   0.599E-03   0.598E-03   0.596E-03   0.594E-03   0.592E-03
   0.590E-03   0.588E-03   0.586E-03   0.584E-03   0.582E-03   0.134E-01   0.579E-03   0.577E-03   0.575E-03   0.573E-03
   0.571E-03   0.569E-03   0.567E-03   0.566E-03   0.564E-03   0.562E-03   0.684E-03   0.558E-03   0.556E-03   0.554E-03
   0.553E-03   0.551E-03   0.553E-03   0.551E-03   0.549E-03   0.548E-03   0.132E-01   0.544E-03   0.343E-01   0.541E-03
   0.539E-03   0.169E-02   0.536E-03   0.534E-03   0.533E-03   0.531E-03   0.530E-03   0.278E-02   0.527E-03   0.263E-02
   0.524E-03   0.522E-03   0.521E-03   0.519E-03   0.518E-03   0.516E-03   0.515E-03   0.513E-03   0.512E-03   0.510E-03
   0.509E-03   0.928E-03   0.506E-03   0.504E-03   0.419E-02   0.501E-03   0.500E-03   0.498E-03   0.497E-03   0.495E-03
   0.494E-03   0.492E-03   0.491E-03   0.489E-03   0.488E-03   0.487E-03   0.485E-03   0.484E-03   0.482E-03   0.481E-03
   0.479E-03   0.328E-02   0.483E-03   0.481E-03   0.480E-03   0.478E-03   0.477E-03   0.476E-03   0.474E-03   0.473E-03
   0.471E-03   0.470E-03   0.468E-03   0.467E-03   0.466E-03   0.464E-03   0.463E-03   0.461E-03   0.460E-03   0.459E-03
   0.457E-03   0.456E-03   0.455E-03   0.453E-03   0.674E-03   0.450E-03   0.449E-03   0.448E-03   0.446E-03   0.445E-03
   0.444E-03   0.442E-03   0.441E-03   0.209E-02   0.438E-03   0.437E-03   0.435E-03   0.434E-03   0.433E-03   0.431E-03
   0.430E-03   0.429E-03   0.427E-03   0.552E-03   0.425E-03   0.429E-03   0.428E-03   0.426E-03   0.139E-02   0.424E-03
   0.422E-03   0.421E-03   0.420E-03   0.541E-03   0.417E-03   0.416E-03   0.166E-02   0.413E-03   0.412E-03   0.411E-03
   0.409E-03   0.408E-03   0.412E-03   0.107E-02   0.404E-03   0.403E-03   0.401E-03   0.511E-02   0.430E-03   0.398E-03
   0.396E-03   0.395E-03   0.394E-03   0.392E-03   0.395E-03   0.394E-03   0.392E-03   0.391E-03   0.390E-03   0.388E-03
   0.387E-03   0.386E-03   0.385E-03   0.383E-03   0.382E-03   0.381E-03   0.380E-03   0.378E-03   0.377E-03   0.384E-03
   0.383E-03   0.382E-03   0.380E-03   0.379E-03   0.378E-03   0.376E-03   0.375E-03   0.374E-03   0.373E-03   0.371E-03
   0.370E-03   0.369E-03   0.368E-03   0.366E-03   0.365E-03   0.172E-01   0.363E-03   0.361E-03   0.368E-03   0.359E-03
   0.358E-03   0.661E-02   0.355E-03   0.354E-03   0.487E-02   0.276E-01   0.350E-03   0.349E-03   0.348E-03   0.347E-03
   0.346E-03   0.345E-03   0.344E-03   0.159E-02   0.342E-03   0.341E-03   0.340E-03   0.339E-03   0.338E-03   0.337E-03
   0.336E-03   0.341E-03   0.340E-03   0.339E-03   0.338E-03   0.337E-03   0.336E-03   0.335E-03   0.334E-03   0.333E-03
   0.332E-03   0.331E-03   0.330E-03   0.329E-03   0.328E-03   0.334E-03   0.326E-03   0.325E-03   0.324E-03   0.323E-03
   0.323E-03   0.322E-03   0.321E-03   0.337E-03   0.336E-03   0.335E-03   0.334E-03   0.333E-03   0.332E-03   0.331E-03
   0.330E-03   0.329E-03   0.328E-03   0.327E-03   0.329E-03   0.328E-03   0.327E-03   0.326E-03   0.325E-03   0.324E-03
   0.323E-03   0.322E-03   0.211E-01   0.321E-03   0.320E-03   0.319E-03   0.318E-03   0.317E-03   0.316E-03   0.315E-03
   0.314E-03   0.313E-03   0.313E-03   0.312E-03   0.311E-03   0.310E-03   0.309E-03   0.308E-03   0.308E-03   0.307E-03
   0.306E-03   0.306E-03   0.305E-03   0.304E-03   0.303E-03   0.302E-03   0.301E-03   0.300E-03   0.299E-03   0.299E-03
   0.298E-03   0.297E-03   0.296E-03   0.295E-03   0.294E-03   0.294E-03   0.293E-03   0.292E-03   0.291E-03   0.290E-03
   0.289E-03   0.289E-03   0.288E-03   0.287E-03   0.286E-03   0.285E-03   0.284E-03   0.284E-03   0.283E-03   0.282E-03
   0.281E-03   0.280E-03   0.280E-03   0.279E-03   0.278E-03   0.277E-03   0.276E-03   0.276E-03   0.275E-03   0.274E-03
   0.273E-03   0.273E-03   0.272E-03   0.271E-03   0.270E-03   0.269E-03   0.269E-03   0.268E-03   0.267E-03   0.266E-03
   0.266E-03   0.265E-03   0.570E-02   0.263E-03   0.263E-03   0.262E-03   0.261E-03   0.260E-03   0.260E-03   0.259E-03
   0.258E-03   0.257E-03   0.257E-03   0.256E-03   0.255E-03   0.254E-03   0.254E-03   0.253E-03   0.252E-03   0.251E-03
   0.251E-03   0.250E-03   0.249E-03   0.249E-03   0.248E-03   0.247E-03   0.246E-03   0.246E-03   0.245E-03   0.244E-03
   0.244E-03   0.243E-03   0.242E-03   0.241E-03   0.241E-03   0.240E-03   0.239E-03   0.239E-03   0.238E-03   0.237E-03
   0.237E-03   0.236E-03   0.235E-03   0.234E-03   0.234E-03   0.233E-03   0.232E-03   0.341E-02   0.231E-03   0.230E-03
   0.230E-03   0.229E-03   0.228E-03   0.228E-03   0.227E-03   0.226E-03   0.226E-03   0.225E-03   0.224E-03   0.224E-03
   0.223E-03   0.222E-03   0.222E-03   0.221E-03   0.220E-03   0.220E-03   0.219E-03   0.219E-03   0.218E-03   0.217E-03
   0.217E-03   0.216E-03   0.215E-03   0.215E-03   0.214E-03   0.213E-03   0.213E-03   0.212E-03   0.212E-03   0.211E-03
   0.253E-02   0.210E-03   0.209E-03   0.208E-03   0.208E-03   0.207E-03   0.207E-03   0.206E-03   0.205E-03   0.205E-03
   0.204E-03   0.204E-03   0.203E-03   0.202E-03   0.202E-03   0.201E-03   0.201E-03   0.200E-03   0.199E-03   0.199E-03
   0.198E-03   0.567E-02   0.197E-03   0.208E-03   0.196E-03   0.202E-03   0.202E-03   0.201E-03   0.319E-02   0.200E-03
   0.199E-03   0.356E-02   0.198E-03   0.953E-02   0.197E-03   0.196E-03   0.196E-03   0.195E-03   0.195E-03   0.194E-03
   0.194E-03   0.193E-03   0.193E-03   0.192E-03   0.192E-03   0.191E-03   0.191E-03   0.190E-03   0.189E-03   0.189E-03
