      30      12.0000      28.0000
      12.2667      12.8000      13.3333      13.8667      14.4000      14.9333
      15.4667      16.0000      16.5333      17.0667      17.6000      18.1333
      18.6667      19.2000      19.7333      20.2667      20.8000      21.3333
      21.8667      22.4000      22.9333      23.4667      24.0000      24.5333
      25.0667      25.6000      26.1333      26.6667      27.2000      27.7333
      13.0000      15.0000      18.0000      26.0000      36.0000      47.0000
      54.0000      61.0000      114.000      126.000      131.000      165.000
      197.000      224.000      291.000      385.000      553.000      942.000
      3794.00      0.00000      0.00000      0.00000      0.00000      0.00000
      0.00000      0.00000      0.00000      0.00000      0.00000      0.00000
