      30      7.00000      25.0000
      7.30000      7.90000      8.50000      9.10000      9.70000      10.3000
      10.9000      11.5000      12.1000      12.7000      13.3000      13.9000
      14.5000      15.1000      15.7000      16.3000      16.9000      17.5000
      18.1000      18.7000      19.3000      19.9000      20.5000      21.1000
      21.7000      22.3000      22.9000      23.5000      24.1000      24.7000
      3.00000      9.00000      30.0000      37.0000      37.0000      57.0000
      70.0000      108.000      168.000      191.000      294.000      433.000
      560.000      764.000      1121.00      1512.00      2050.00      2769.00
      3238.00      3779.00      4910.00      6789.00      9753.00      18375.0
      65596.0      19411.0      0.00000      0.00000      0.00000      0.00000
