      30      7.00000      25.0000
      7.30000      7.90000      8.50000      9.10000      9.70000      10.3000
      10.9000      11.5000      12.1000      12.7000      13.3000      13.9000
      14.5000      15.1000      15.7000      16.3000      16.9000      17.5000
      18.1000      18.7000      19.3000      19.9000      20.5000      21.1000
      21.7000      22.3000      22.9000      23.5000      24.1000      24.7000
      37.0000      43.0000      68.0000      83.0000      107.000      134.000
      173.000      251.000      327.000      466.000      644.000      870.000
      1172.00      1764.00      2311.00      3022.00      3887.00      5203.00
      6222.00      8559.00      13277.0      22794.0      0.00000      0.00000
      0.00000      0.00000      0.00000      0.00000      0.00000      0.00000
