      30      15.0000      23.5000
      12.3000      12.9000      13.5000      14.1000      14.7000      15.3000
      15.9000      16.5000      17.1000      17.7000      18.3000      18.9000
      19.5000      20.1000      20.7000      21.3000      21.9000      22.5000
      23.1000      23.7000      24.3000      24.9000      25.5000      26.1000
      26.7000      27.3000      27.9000      28.5000      29.1000      29.7000
      1.73181      2.63937      4.02254      6.13056      9.34330      14.2397
      21.7020      33.0750      50.4081      76.8246      117.085      178.443
      271.957      414.477      631.685      962.720      1467.24      2236.15
      3408.01      5193.98      7915.89      12064.3      18386.5      28022.1
      42707.1      65088.0      99197.4      151182.      230410.      351156.
