      30      12.0000      28.0000
      12.2667      12.8000      13.3333      13.8667      14.4000      14.9333
      15.4667      16.0000      16.5333      17.0667      17.6000      18.1333
      18.6667      19.2000      19.7333      20.2667      20.8000      21.3333
      21.8667      22.4000      22.9333      23.4667      24.0000      24.5333
      25.0667      25.6000      26.1333      26.6667      27.2000      27.7333
      68.0000      153.000      158.000      248.000      342.000      567.000
      677.000      793.000      930.000      1212.00      1694.00      2339.00
      3640.00      5609.00      8137.00      12076.0      18179.0      27048.0
      38504.0      49250.0      56904.0      53754.0      32265.0      7179.00
      471.000      1.00000      0.00000      0.00000      1.00000      0.00000
