      30      7.00000      22.0000
      7.25000      7.75000      8.25000      8.75000      9.25000      9.75000
      10.2500      10.7500      11.2500      11.7500      12.2500      12.7500
      13.2500      13.7500      14.2500      14.7500      15.2500      15.7500
      16.2500      16.7500      17.2500      17.7500      18.2500      18.7500
      19.2500      19.7500      20.2500      20.7500      21.2500      21.7500
      4958.00      13649.0      8429.00      5815.00      3973.00      2781.00
      1841.00      1302.00      957.000      788.000      567.000      452.000
      335.000      260.000      219.000      148.000      133.000      99.0000
      67.0000      63.0000      41.0000      44.0000      28.0000      21.0000
      10.0000      10.0000      1.00000      1.00000      1.00000      0.00000
      0.00000
